ch_changeIdNum,c
5,4
6,4
7,4
8,4
9,4
10,4
11,4
12,11
104,3
106,1
107,12
108,4
179,2
222,13
223,3
229,5
232,1
233,4
235,6
237,1
238,7
243,5
244,6
245,6
246,6
247,6
248,10
252,3
253,4
254,5
255,5
258,1
259,8
261,3
262,11
263,2
265,9
266,10
268,11
269,12
270,7
271,7
272,7
273,7
274,7
275,7
276,7
277,7
278,7
281,3
283,13
287,1
294,2
297,2
300,1
302,3
303,4
308,2
310,3
313,3
314,3
315,5
316,5
317,5
319,1
322,4
323,4
325,1
326,1
329,2
330,3
331,4
332,5
333,6
334,7
335,8
339,1
340,1
341,9
342,10
346,12
354,1
355,2
367,14
368,1
369,1
370,1
371,2
372,4
373,15
374,11
376,12
377,1
378,2
379,2
380,2
381,13
382,14
385,2
390,3
391,1
392,16
393,16
394,16
395,16
396,16
397,16
398,16
399,4
400,5
401,5
402,5
403,6
404,7
407,2
410,2
416,1
417,2
421,1
440,3
445,8
446,8
455,10
465,5
478,3
485,23
487,23
512,6
516,2
544,14
548,15
558,15
567,16
571,17
592,2
626,1
628,1
631,16
642,2
643,2
655,1
656,1
657,1
658,11
659,11
669,3
676,13
691,18
696,1
698,14
708,4
713,4
717,4
727,15
732,2
739,16
743,1
754,2
759,4
766,1
767,2
768,2
783,2
787,3
788,3
791,3
792,3
793,3
794,3
795,3
796,3
797,11
798,11
799,11
800,11
801,11
802,11
803,11
804,11
805,11
806,11
807,21
808,21
809,21
810,21
811,21
812,21
813,21
814,21
815,21
816,21
817,21
818,32
819,32
820,32
821,32
822,32
823,32
824,32
825,32
826,32
827,4
828,5
829,6
830,7
831,2
832,5
833,6
834,3
835,4
836,5
841,17
842,3
851,6
856,18
862,4
863,5
867,19
871,1
880,1
884,20
888,17
891,1
898,2
906,2
916,2
931,1
932,2
933,3
934,5
937,6
940,7
941,19
942,7
946,7
948,7
949,21
950,13
957,8
962,3
964,9
975,22
978,4
981,1
982,5
988,18
1001,5
1003,1
1006,19
1011,20
1012,9
1028,3
1032,7
1035,4
1038,6
1044,1
1062,1
1063,2
1076,3
1077,4
1079,5
1083,1
1085,6
1087,10
1088,16
1089,6
1091,21
1094,1
1099,7
1101,1
1102,2
1115,3
1116,1
1121,2
1138,20
1141,20
1142,3
1145,22
1149,23
1151,1
1157,1
1159,8
1160,1
1161,2
1173,2
1176,24
1182,8
1183,41
1185,11
1186,22
1197,8
1198,9
1199,2
1206,10
1222,1
1223,2
1237,1
1240,42
1242,2
1243,3
1250,1
1252,23
1255,4
1263,2
1268,5
1269,7
1274,3
1276,6
1280,8
1282,1
1284,2
1285,3
1292,12
1295,11
1296,24
1299,5
1300,1
1307,4
1308,1
1310,7
1311,7
1343,2
1344,2
1347,5
1349,1
1351,6
1352,7
1383,8
1384,9
1389,7
1400,2
1401,2
1403,3
1409,13
1411,14
1413,15
1416,1
1424,25
1427,43
1431,1
1432,1
1433,1
1434,1
1435,1
1436,1
1437,1
1438,8
1439,8
1440,8
1441,8
1442,8
1443,8
1444,8
1445,8
1446,8
1447,8
1448,8
1449,8
1450,8
1451,8
1454,9
1456,3
1457,1
1466,1
1467,26
1472,3
1473,4
1474,4
1475,3
1477,4
1480,4
1482,9
1483,23
1484,1
1488,2
1490,1
1491,12
1492,3
1493,3
1494,2
1495,4
1496,3
1497,4
1498,5
1499,6
1500,16
1501,17
1502,17
1504,19
1506,1
1507,13
1509,3
1510,4
1511,10
1512,20
1514,1
1515,21
1516,21
1517,23
1518,1
1519,2
1520,3
1523,2
1524,4
1525,11
1529,5
1530,1
1531,3
1532,3
1533,5
1534,6
1537,2
1538,2
1539,2
1540,4
1541,3
1544,1
1545,5
1546,27
1547,28
1548,24
1549,24
1550,26
1552,27
1554,2
1556,4
1557,5
1558,6
1559,28
1560,1
1561,29
1562,2
1563,7
1564,30
1565,1
1566,14
1567,9
1568,3
1569,8
1570,25
1571,2
1572,31
1573,3
1591,4
1595,3
1596,5
1598,9
1599,5
1601,32
1602,3
1603,15
1604,33
1605,5
1606,4
1607,5
1608,16
1609,6
1610,1
1611,1
1612,7
1613,6
1614,7
1615,29
1617,10
1618,11
1619,8
1620,9
1621,17
1622,18
1626,10
1627,8
1628,9
1629,12
1630,10
1631,1
1632,19
1634,2
1635,3
1636,3
1637,3
1638,3
1639,3
1640,3
1641,3
1642,3
1643,10
1644,10
1645,10
1646,10
1647,10
1648,10
1649,10
1650,10
1651,4
1652,13
1653,5
1654,6
1656,11
1657,12
1659,1
1660,2
1661,3
1662,2
1663,1
1664,22
1665,10
1666,3
1667,3
1668,2
1669,30
1670,11
1671,6
1672,18
1673,14
1674,3
1675,3
1676,13
1677,31
1678,5
1680,3
1681,9
1682,34
1683,4
1684,5
1685,4
1686,12
1687,35
1688,5
1689,6
1690,6
1691,15
1692,32
1693,33
1695,3
1696,4
1697,14
1698,34
1699,7
1700,8
1702,15
1703,16
1704,2
1705,19
1706,36
1707,37
1708,6
1709,7
1710,8
1712,1
1713,17
1714,18
1715,7
1716,19
1717,1
1718,20
1719,12
1720,13
1721,35
1722,35
1723,37
1724,37
1725,4
1726,21
1727,10
1728,9
1729,22
1730,2
1731,16
1732,17
1733,14
1734,14
1737,11
1738,1
1739,2
1740,2
1741,2
1742,2
1743,1
1744,2
1745,3
1746,4
1747,39
1748,40
1749,10
1750,13
1751,12
1752,9
1753,10
1754,11
1755,11
1756,10
1757,7
1758,13
1759,14
1760,41
1761,41
1762,43
1763,43
1764,11
1765,4
1767,38
1768,39
1769,15
1770,16
1771,40
1772,41
1773,41
1774,2
1775,2
1776,2
1777,3
1778,12
1779,12
1780,12
1781,15
1782,17
1783,18
1784,1
1786,14
1787,1
1788,11
1789,26
1791,27
1792,8
1794,2
1795,5
1796,23
1797,24
1798,16
1799,9
1800,9
1801,9
1802,9
1803,45
1804,4
1805,4
1807,12
1808,17
1809,18
1810,1
1811,13
1812,14
1813,8
1814,3
1815,5
1816,3
1817,4
1818,7
1819,19
1820,5
1822,1
1823,5
1826,12
1827,12
1828,3
1829,20
1830,46
1831,16
1832,17
1833,10
1834,5
1835,8
1836,21
1837,4
1838,4
1839,23
1840,47
1841,47
1842,13
1843,49
1844,49
1845,51
1846,9
1847,14
1848,14
1849,1
1851,12
1852,13
1853,14
1854,25
1855,24
1856,25
1858,10
1859,11
1860,12
1861,43
1862,52
1863,53
1864,15
1865,15
1866,18
1867,22
1868,23
1869,13
1870,19
1871,14
1872,15
1873,1
1875,15
1876,15
1877,15
1878,44
1879,1
1880,16
1881,17
1882,18
1883,19
1884,26
1885,9
1886,6
1889,2
1890,2
1891,4
1892,6
1893,26
1894,27
1895,20
1896,5
1897,6
1898,6
1899,16
1900,8
1901,8
1902,16
1903,7
1904,2
1906,28
1907,2
1908,3
1909,10
1910,2
1911,4
1912,24
1913,25
1914,6
1915,2
1916,17
1917,26
1918,27
1919,24
1920,27
1924,2
1925,54
1926,28
1927,29
1929,30
1930,20
1931,17
1932,18
1933,29
1934,28
1935,29
1936,30
1937,5
1938,2
1939,21
1940,21
1941,22
1942,23
1943,24
1944,25
1945,26
1946,19
1947,18
1948,18
1949,3
1950,3
1951,3
1952,55
1953,1
1954,3
1955,19
1956,20
1957,6
1958,7
1959,20
1960,21
1961,3
1962,4
1963,6
1964,16
1965,19
1966,7
1967,6
1968,20
1969,5
1970,16
1971,6
1972,4
1973,30
1974,21
1975,11
1976,12
1977,6
1978,8
1979,6
1980,25
1982,6
1983,26
1984,21
1985,27
1987,56
1988,10
1989,22
1990,31
1991,32
1992,28
1993,33
1995,28
1996,29
1997,30
1998,31
1999,32
2000,3
2001,23
2002,33
2003,5
2004,6
2005,22
2007,22
2008,23
2009,34
2010,5
2011,7
2012,35
2013,8
2014,8
2015,9
2016,24
2017,8
2018,31
2019,32
2020,8
2021,29
2022,30
2023,11
2024,7
2025,22
2026,34
2027,57
2028,4
2029,23
2030,24
2031,7
2032,35
2033,36
2041,36
2042,25
2043,25
2044,23
2049,9
2052,37
2053,3
2054,10
2055,58
2057,16
2059,1
2060,2
2061,9
2062,1
2063,12
2065,2
2066,31
2067,27
2068,32
2069,3
2070,4
2071,5
2072,6
2073,7
2074,8
2075,10
2076,5
2077,2
2078,7
2079,8
2080,17
2081,13
2082,10
2083,9
2084,10
2085,11
2086,17
2087,12
2088,13
2089,14
2090,24
2091,11
2092,15
2093,38
2094,7
2095,59
2096,59
2097,61
2098,61
2099,7
2100,17
2101,25
2103,5
2104,6
2105,39
2106,8
2107,19
2108,19
2109,19
2110,33
2111,16
2112,34
2113,17
2114,63
2115,12
2116,24
2119,64
2120,22
2121,18
2122,65
2123,18
2124,19
2125,9
2126,19
2128,25
2129,8
2130,11
2133,18
2134,66
2135,8
2136,9
2137,3
2138,67
2139,67
2140,20
2142,1
2143,21
2145,1
2147,23
2151,1
2152,1
2153,1
2154,1
2155,5
2156,19
2157,22
2158,35
2159,27
2161,10
2162,11
2163,26
2164,27
2165,28
2166,37
2167,38
2168,33
2169,20
2170,40
2171,23
2172,3
2173,4
2174,20
2175,69
2176,70
2177,71
2178,72
2179,73
2180,73
2181,73
2182,73
2183,5
2184,13
2186,45
2187,46
2189,2
2190,24
2191,3
2192,13
2193,13
2194,14
2195,31
2196,6
2197,15
2198,32
2199,33
2200,34
2201,35
2203,36
2204,37
2205,38
2206,39
2207,40
2208,41
2209,42
2210,43
2211,44
2212,45
2213,46
2214,47
2215,48
2216,20
2217,49
2218,50
2219,51
2220,29
2221,52
2222,53
2223,54
2224,55
2225,56
2226,57
2227,58
2228,7
2229,10
2230,59
2231,30
2232,12
2233,13
2234,1
2235,21
2236,5
2237,60
2238,61
2239,4
2240,21
2242,22
2243,2
2244,1
2245,62
2246,25
2247,9
2248,14
2250,63
2251,2
2252,3
2253,39
2254,4
2255,14
2256,11
2257,11
2259,8
2260,9
2261,41
2262,10
2263,11
2264,42
2265,12
2266,13
2267,13
2268,14
2269,15
2270,64
2271,65
2272,34
2273,2
2274,35
2275,28
2276,28
2277,66
2278,6
2279,7
2280,8
2281,9
2282,10
2283,2
2284,2
2285,2
2286,77
2287,3
2288,16
2289,5
2290,17
2291,78
2292,30
2293,31
2294,79
2295,79
2296,5
2297,6
2298,22
2299,32
2301,43
2302,21
2304,67
2305,68
2306,24
2307,24
2308,24
2309,7
2310,16
2311,4
2313,26
2314,27
2315,36
2316,5
2317,69
2318,70
2319,71
2320,72
2321,73
2322,74
2323,75
2324,75
2325,77
2326,78
2327,79
2328,28
2329,29
2330,1
2331,30
2333,8
2334,31
2335,32
2336,36
2337,9
2338,15
2339,10
2340,11
2341,2
2342,17
2343,33
2344,6
2345,18
2346,19
2347,22
2348,7
2349,18
2350,5
2351,3
2353,25
2354,8
2355,9
2356,8
2357,2
2358,23
2359,26
2360,15
2364,11
2365,16
2366,23
2367,17
2368,14
2370,24
2371,24
2373,19
2375,7
2376,3
2377,10
2378,11
2379,6
2380,7
2381,33
2383,26
2384,26
2385,26
2386,8
2387,12
2388,7
2389,8
2390,9
2391,31
2392,44
2393,81
2394,81
2395,81
2396,81
2397,85
2398,85
2399,85
2400,85
2401,45
2402,20
2403,6
2404,7
2405,7
2406,8
2407,89
2408,90
2409,28
2410,29
2411,30
2412,31
2413,32
2414,33
2415,34
2416,35
2417,36
2418,37
2419,38
2420,39
2421,40
2422,41
2424,8
2425,16
2426,29
2427,1
2428,9
2429,30
2430,37
2431,31
2432,15
2434,42
2435,43
2436,32
2437,23
2438,13
2439,14
2440,34
2441,46
2442,32
2443,33
2444,2
2445,34
2446,21
2447,25
2448,22
2449,6
2450,47
2451,48
2452,17
2453,35
2454,4
2455,16
2456,17
2457,18
2458,44
2459,34
2460,33
2461,7
2462,49
2463,35
2464,91
2465,92
2466,93
2467,93
2468,3
2469,36
2470,6
2471,24
2472,24
2473,11
2474,37
2477,38
2478,19
2480,7
2481,7
2482,37
2483,9
2484,4
2485,12
2486,10
2487,13
2488,38
2489,39
2490,50
2491,26
2492,40
2493,1
2494,51
2495,52
2496,24
2497,2
2498,25
2499,26
2500,27
2501,3
2502,28
2503,34
2504,95
2509,1
2510,38
2511,29
2513,1
2514,12
2516,2
2517,3
2521,20
2522,2
2523,10
2525,3
2528,4
2530,27
2532,5
2536,4
2537,45
2538,10
2539,5
2540,6
2541,7
2543,9
2545,27
2546,39
2547,35
2548,40
2549,7
2551,30
2552,1
2553,4
2554,4
2555,40
2556,5
2559,46
2560,46
2561,48
2562,48
2563,28
2564,6
2565,7
2566,8
2567,36
2568,37
2569,36
2570,17
2571,38
2572,39
2573,15
2574,15
2575,40
2576,41
2577,1
2578,39
2579,4
2580,14
2581,15
2582,11
2583,47
2584,53
2585,26
2586,3
2587,37
2588,18
2589,41
2590,20
2592,16
2593,9
2594,10
2595,48
2599,10
2601,4
2602,54
2604,15
2605,49
2606,38
2607,1
2608,1
2609,3
2612,1
2613,40
2614,1
2615,50
2616,51
2617,42
2618,43
2619,28
2620,11
2625,29
2627,11
2629,52
2630,9
2638,44
2639,45
2641,7
2642,10
2644,1
2651,6
2653,21
2654,5
2655,8
2656,41
2657,42
2659,29
2661,41
2662,17
2663,11
2664,8
2666,42
2668,12
2669,43
2670,44
2671,18
2672,4
2673,19
2674,20
2675,5
2676,17
2677,30
2678,42
2679,42
2680,13
2681,9
2682,21
2683,16
2684,18
2685,23
2686,31
2687,32
2688,18
2689,33
2690,19
2691,8
2692,22
2693,12
2694,23
2695,10
2697,45
2698,46
2699,47
2700,11
2701,12
2702,12
2703,24
2704,9
2705,14
2706,15
2707,44
2708,16
2709,17
2710,55
2711,34
2712,22
2713,22
2714,22
2715,25
2716,25
2717,25
2718,41
2720,56
2721,57
2722,58
2723,1
2724,1
2725,45
2726,13
2727,46
2728,5
2729,48
2730,49
2731,50
2732,14
2733,15
2734,35
2735,6
2736,36
2737,10
2738,37
2739,35
2740,51
2741,18
2742,36
2743,59
2744,60
2745,61
2746,62
2747,24
2748,25
2749,26
2750,27
2751,28
2752,29
2753,30
2754,31
2755,25
2756,18
2757,18
2758,18
2759,18
2760,52
2761,46
2762,4
2763,5
2764,96
2765,28
2766,38
2767,32
2768,20
2769,20
2770,20
2771,20
2772,20
2773,21
2774,25
2775,39
2776,30
2777,47
2778,42
2779,40
2780,41
2781,9
2782,10
2785,42
2786,7
2787,43
2788,48
2789,49
2790,43
2791,44
2795,44
2796,9
2797,45
2798,46
2799,47
2800,48
2801,49
2802,50
2803,6
2804,6
2805,6
2806,51
2807,45
2808,46
2809,50
2810,51
2811,52
2812,31
2813,97
2815,1
2816,16
2817,39
2818,53
2819,53
2820,53
2821,53
2823,43
2830,1
2831,9
2832,12
2835,13
2837,26
2839,33
2840,17
2842,98
2843,27
2844,27
2845,27
2847,3
2848,17
2849,9
2850,47
2851,99
2852,18
2853,19
2854,52
2855,53
2856,29
2857,44
2858,54
2859,47
2860,55
2861,48
2862,10
2863,27
2864,27
2865,2
2866,56
2867,57
2868,20
2869,58
2870,59
2871,4
2872,60
2873,40
2874,14
2875,14
2876,41
2877,53
2878,54
2879,26
2881,61
2882,2
2883,32
2884,45
2885,2
2886,3
2887,3
2888,3
2889,3
2890,14
2893,49
2894,50
2895,51
2896,11
2897,55
2898,56
2899,16
2900,17
2901,42
2902,33
2903,7
2904,7
2905,18
2906,43
2907,11
2908,44
2909,30
2910,30
2911,30
2912,30
2913,30
2914,26
2915,2
2916,10
2917,3
2918,100
2919,29
2920,15
2921,16
2922,10
2923,10
2924,9
2925,14
2927,4
2928,2
2929,62
2930,63
2931,3
2933,5
2935,21
2937,4
2938,5
2940,19
2942,64
2943,6
2944,19
2945,19
2946,21
2947,2
2948,22
2949,65
2952,66
2953,30
2954,23
2955,7
2956,30
2958,8
2959,31
2961,22
2962,15
2963,16
2964,17
2965,3
2966,6
2967,32
2969,4
2970,53
2971,54
2972,55
2973,56
2974,57
2975,33
2976,67
2977,68
2978,4
2979,20
2980,34
2981,45
2982,57
2983,57
2984,57
2985,57
2986,61
3030,24
3033,35
3034,35
3035,2
3036,52
3037,53
3038,58
3039,54
3040,55
3041,59
3042,60
3043,61
3044,2
3045,69
3046,70
3047,71
3048,72
3049,80
3050,81
3055,5
3056,101
3057,11
3058,46
3059,6
3060,6
3061,6
3062,62
3063,12
3064,22
3066,1
3067,73
3068,27
3069,74
3070,37
3071,75
3072,38
3073,25
3075,10
3076,10
3077,10
3078,10
3079,10
3080,48
3081,47
3082,5
3083,5
3085,5
3086,5
3087,37
3088,37
3089,37
3090,37
3091,37
3092,18
3093,1
3094,48
3095,3
3097,34
3098,34
3100,102
3101,34
3107,18
3108,19
3109,19
3110,1
3111,21
3112,2
3113,49
3114,39
3115,36
3116,36
3117,36
3118,22
3119,49
3121,26
3123,76
3124,27
3125,28
3126,77
3127,1
3128,46
3129,35
3130,22
3131,17
3132,19
3133,11
3134,11
3135,18
3137,39
3138,40
3139,40
3140,23
3141,78
3142,7
3143,29
3144,36
3145,13
3146,12
3147,23
3148,24
3149,18
3150,18
3151,18
3152,18
3153,79
3154,103
3155,30
3156,2
3157,1
3158,42
3159,42
3160,42
3161,80
3162,7
3163,8
3165,1
3166,25
3167,13
3168,35
3169,12
3170,50
3171,31
3172,19
3174,57
3175,3
3177,36
3179,7
3180,32
3181,63
3182,14
3183,33
3184,34
3185,35
3186,9
3187,9
3188,63
3189,22
3190,9
3191,36
3192,12
3193,1
3194,56
3195,57
3196,58
3197,64
3199,50
3200,50
3201,51
3202,3
3203,2
3204,3
3205,20
3206,23
3207,23
3208,23
3209,23
3210,23
3211,59
3212,4
3213,8
3214,104
3215,104
3216,3
3217,1
3220,21
3221,15
3222,52
3225,23
3226,23
3227,23
3228,23
3229,23
3230,23
3231,23
3232,23
3233,23
3234,23
3235,23
3236,23
3238,15
3239,15
3240,15
3241,15
3242,15
3243,15
3244,15
3245,15
3246,15
3247,15
3248,15
3249,15
3250,15
3251,15
3252,15
3253,15
3254,15
3255,15
3256,15
3257,15
3258,15
3259,15
3260,15
3261,27
3262,27
3264,27
3265,27
3266,45
3267,45
3268,31
3269,37
3270,24
3271,2
3273,9
3274,8
3275,1
3277,64
3278,9
3279,3
3281,12
3282,25
3283,22
3285,4
3286,23
3287,24
3288,65
3290,62
3291,65
3293,35
3294,13
3295,66
3296,47
3297,38
3298,38
3299,38
3300,38
3301,38
3302,81
3303,67
3304,68
3305,14
3306,1
3307,106
3308,107
3310,19
3311,20
3312,5
3318,82
3319,37
3321,60
3322,61
3323,37
3324,38
3326,51
3327,1
3328,1
3329,1
3330,1
3331,1
3332,1
3333,1
3334,1
3336,62
3337,26
3338,66
3339,63
3340,64
3341,21
3342,22
3343,23
3344,65
3346,69
3347,70
3348,83
3349,1
3350,2
3352,6
3353,43
3354,43
3355,5
3356,5
3358,6
3359,7
3360,8
3361,9
3362,24
3363,25
3367,40
3368,84
3369,7
3370,3
3371,13
3372,66
3373,26
3374,67
3375,12
3376,67
3377,27
3378,26
3379,27
3380,4
3381,14
3382,85
3383,36
3384,36
3385,28
3386,2
3387,3
3388,10
3389,16
3390,11
3391,19
3392,20
3393,12
3394,13
3395,25
3396,86
3397,14
3398,14
3399,16
3401,1
3402,27
3403,31
3404,51
3405,15
3406,5
3407,26
3408,28
3409,28
3410,39
3412,71
3413,27
3414,72
3415,73
3416,87
3417,17
3418,58
3419,21
3420,59
3421,41
3422,4
3423,8
3424,17
3425,6
3427,6
3428,40
3429,41
3430,18
3431,19
3432,20
3433,21
3434,3
3435,7
3436,88
3437,89
3438,90
3439,91
3440,92
3441,6
3442,93
3443,94
3444,95
3446,2
3448,1
3449,96
3450,74
3451,5
3452,108
3453,108
3454,97
3455,60
3456,30
3457,30
3458,32
3459,61
3460,68
3461,52
3462,29
3463,110
3464,8
3466,98
3467,52
3468,69
3469,70
3470,99
3471,111
3472,112
3473,53
3474,2
3475,9
3476,54
3477,3
3479,9
3480,62
3481,63
3482,11
3483,12
3484,55
3485,53
3486,71
3487,4
3488,63
3489,63
3490,5
3491,6
3492,7
3493,8
3494,9
3496,16
3497,38
3498,15
3499,39
3500,39
3501,39
3502,39
3503,39
3505,39
3506,39
3507,42
3508,10
3510,11
3511,56
3512,38
3513,4
3514,5
3515,6
3516,17
3522,18
3523,1
3524,21
3525,113
3526,9
3527,46
3528,46
3529,46
3530,46
3531,46
3532,46
3533,46
3534,46
3535,46
3536,46
3537,11
3538,11
3539,11
3540,11
3541,11
3542,56
3543,2
3544,2
3545,4
3546,1
3547,2
3548,3
3549,18
3550,4
3551,33
3552,38
3553,39
3554,72
3555,22
3556,64
3557,65
3559,40
3561,57
3562,73
3563,74
3565,23
3566,24
3567,25
3568,26
3569,27
3570,5
3571,57
3572,54
3573,5
3574,58
3575,114
3576,58
3577,58
3578,58
3580,55
3581,28
3582,9
3583,9
3584,75
3585,76
3586,61
3587,61
3588,63
3589,115
3590,11
3591,12
3592,19
3593,13
3594,116
3595,64
3596,6
3597,13
3598,6
3599,30
3600,31
3601,41
3602,8
3603,8
3604,8
3605,42
3606,5
3607,5
3608,75
3609,11
3610,1
3611,76
3612,117
3613,28
3617,7
3618,47
3619,5
3620,5
3621,59
3622,10
3623,5
3624,56
3625,65
3626,60
3627,27
3628,7
3629,6
3630,61
3631,28
3636,1
3637,2
3638,6
3639,7
3640,28
3641,8
3642,7
3643,29
3644,2
3645,2
3646,39
3647,20
3648,100
3649,101
3650,102
3652,103
3653,14
3654,7
3655,7
3656,77
3657,66
3658,22
3660,65
3661,66
3662,8
3664,77
3665,77
3666,77
3667,77
3668,77
3669,77
3670,77
3671,77
3672,77
3673,77
3674,77
3675,77
3676,77
3677,29
3678,29
3680,15
3681,31
3683,67
3684,67
3685,69
3686,70
3687,7
3688,104
3690,11
3691,71
3692,8
3693,9
3694,12
3695,23
3696,13
3697,10
3698,13
3699,66
3700,12
3701,16
3703,14
3704,20
3709,10
3725,30
3726,30
3727,4
3728,48
3729,105
3735,32
3736,8
3738,9
3739,43
3740,62
3741,90
3742,91
3743,9
3744,8
3745,57
3746,53
3747,53
3748,53
3749,53
3750,57
3754,10
3755,92
3756,93
3757,58
3758,63
3759,13
3760,17
3762,1
3763,11
3765,31
3766,31
3767,31
3768,34
3769,34
3770,34
3771,10
3772,5
3773,21
3774,67
3775,67
3776,67
3777,67
3778,67
3779,67
3780,67
3781,67
3782,32
3783,21
3784,58
3785,59
3786,3
3788,68
3789,16
3790,8
3791,106
3793,72
3794,9
3795,10
3796,4
3797,59
3798,3
3799,28
3800,4
3801,6
3802,5
3803,5
3805,82
3806,82
3810,12
3811,60
3813,64
3814,34
3815,15
3816,7
3818,107
3819,108
3820,109
3821,110
3822,111
3823,112
3824,32
3825,69
3827,65
3829,66
3830,61
3831,9
3832,35
3833,13
3834,14
3835,62
3836,63
3837,70
3838,94
3839,33
3840,71
3841,22
3842,34
3843,35
3845,64
3846,6
3847,95
3848,96
3850,72
3852,15
3853,73
3854,74
3855,16
3856,5
3857,17
3858,17
3860,1
3861,36
3862,2
3863,37
3864,38
3865,39
3866,37
3867,38
3868,113
3869,113
3870,23
3871,8
3872,9
3873,115
3874,3
3875,40
3878,67
3880,44
3881,44
3882,44
3883,1
3884,2
3886,29
3887,84
3888,68
3889,24
3890,41
3891,42
3893,43
3895,85
3896,86
3897,87
3898,65
3899,47
3900,1
3901,88
3902,89
3903,48
3904,2
3905,97
3906,98
3907,42
3908,75
3909,66
3910,16
3911,28
3912,17
3913,60
3914,3
3915,61
3916,39
3917,11
3918,49
3919,69
3920,67
3921,43
3922,78
3923,29
3924,44
3925,99
3926,100
3927,118
3928,119
3929,62
3930,30
3931,31
3932,36
3935,6
3936,120
3937,120
3938,101
3939,102
3940,122
3941,122
3942,50
3943,50
3944,50
3945,13
3946,103
3947,104
3948,14
3949,2
3950,2
3951,2
3952,2
3953,2
3954,18
3955,9
3959,40
3960,25
3961,41
3962,42
3963,43
3964,26
3965,45
3966,3
3967,4
3968,1
3969,11
3970,12
3972,33
3973,34
3974,30
3975,37
3976,4
3978,40
3979,5
3980,7
3981,68
3982,70
3983,71
3984,7
3985,8
3986,69
3987,70
3988,33
3989,6
3990,71
3991,3
3992,72
3993,8
3994,75
3995,76
3996,77
3998,7
3999,14
4000,15
4001,34
4002,90
4003,67
4004,78
4005,79
4006,80
4007,8
4008,10
4011,4
4013,35
4015,43
4017,9
4018,10
4019,68
4020,9
4021,69
4022,19
4023,63
4024,4
4025,11
4027,10
4028,11
4029,1
4030,7
4031,10
4032,9
4033,53
4034,54
4039,12
4040,81
4041,82
4044,12
4045,73
4046,74
4047,29
4049,5
4050,75
4052,17
4053,44
4054,76
4055,13
4056,83
4057,84
4058,38
4061,1
4062,77
4063,72
4064,73
4065,73
4066,78
4067,74
4069,19
4070,11
4071,76
4076,7
4077,45
4079,46
4081,74
4082,75
4087,2
4088,79
4091,55
4092,20
4093,56
4094,56
4095,44
4096,45
4102,11
4103,58
4104,59
4105,85
4106,116
4107,48
4108,48
4109,124
4110,124
4111,12
4112,13
4113,8
4114,60
4117,9
4118,86
4119,87
4121,88
4125,12
4126,12
4127,12
4128,13
4129,46
4131,2
4132,5
4134,42
4135,126
4136,3
4137,117
4138,80
4139,14
4140,36
4142,9
4143,10
4144,77
4145,77
4146,30
4147,81
4149,64
4151,15
4153,75
4154,15
4155,15
4156,15
4157,15
4158,15
4159,127
4160,61
4161,46
4162,79
4163,62
4164,11
4166,43
4167,5
4170,50
4171,20
4172,70
4173,71
4174,1
4177,29
4178,2
4179,2
4180,76
4181,47
4182,5
4183,77
4184,82
4185,83
4186,21
4187,118
4188,35
4189,12
4190,18
4191,6
4192,48
4193,22
4194,23
4195,24
4196,63
4198,44
4199,119
4200,25
4201,26
4202,26
4203,32
4208,6
4209,16
4210,16
4211,17
4212,17
4213,17
4214,17
4215,6
4217,89
4218,90
4219,65
4220,13
4221,51
4222,1
4223,120
4224,121
4226,24
4230,20
4234,16
4235,17
4236,31
4238,36
4239,36
4240,7
4241,44
4242,91
4243,91
4244,91
4245,91
4246,91
4247,91
4248,91
4249,91
4250,91
4251,91
4252,91
4253,91
4254,91
4255,91
4256,91
4257,91
4258,91
4259,91
4260,91
4261,91
4262,91
4263,91
4264,91
4265,91
4266,91
4268,78
4270,18
4278,122
4279,123
4280,20
4281,124
4282,79
4283,125
4284,3
4285,10
4286,14
4287,1
4293,11
4294,49
4296,49
4298,11
4299,12
4300,13
4301,13
4307,1
4308,10
4310,1
4314,80
4315,2
4316,3
4317,4
4318,5
4319,14
4320,15
4321,6
4322,16
4323,7
4324,7
4325,7
4326,50
4327,105
4328,106
4329,45
4330,45
4331,17
4332,18
4333,10
4334,11
4335,11
4336,13
4337,47
4338,48
4340,52
4341,18
4342,19
4343,32
4344,72
4345,66
4347,14
4348,13
4349,14
4350,80
4351,81
4352,31
4353,20
4354,79
4355,80
4356,81
4357,82
4358,83
4359,82
4360,83
4361,19
4362,84
4363,84
4364,12
4365,20
4366,12
4367,73
4368,107
4369,81
4370,15
4371,16
4372,53
4373,85
4374,82
4376,15
4377,33
4378,33
4379,33
4380,33
4381,33
4382,33
4383,33
4384,33
4385,33
4386,33
4387,33
4388,33
4389,33
4390,33
4391,33
4392,15
4393,128
4394,39
4395,85
4396,108
4397,129
4398,129
4399,131
4400,131
4401,16
4402,13
4403,116
4404,117
4405,118
4406,119
4407,120
4408,121
4409,122
4411,123
4414,133
4415,32
4420,67
4421,67
4422,67
4423,67
4424,67
4425,14
4426,18
4428,86
4429,49
4430,49
4431,51
4432,52
4433,87
4434,88
4435,19
4440,76
4441,17
4442,17
4443,17
4444,17
4445,77
4446,1
4447,27
4448,16
4449,2
4451,2
4454,1
4455,17
4456,17
4457,2
4458,11
4459,8
4460,53
4461,54
4462,55
4463,56
4464,56
4465,3
4466,89
4467,78
4468,19
4469,28
4470,29
4471,45
4472,48
4473,49
4474,20
4475,50
4476,86
4477,87
4478,88
4479,134
4480,90
4481,91
4482,72
4483,72
4484,40
4485,19
4486,135
4487,135
4488,135
4489,138
4490,138
4491,138
4492,141
4493,41
4494,4
4495,20
4496,21
4497,124
4498,125
4499,51
4501,1
4502,23
4503,42
4506,1
4507,2
4508,3
4509,4
4510,1
4511,2
4512,2
4513,5
4514,43
4515,44
4516,89
4517,90
4518,92
4519,93
4520,5
4523,21
4524,22
4525,14
4526,126
4527,127
4528,128
4529,129
4530,130
4531,131
4532,132
4533,47
4534,47
4535,47
4536,47
4537,47
4538,46
4539,47
4540,48
4541,6
4542,1
4544,9
4545,9
4546,11
4547,94
4548,19
4550,126
4551,79
4552,142
4553,143
4554,143
4555,133
4556,134
4557,135
4558,136
4559,51
4560,52
4562,1
4563,58
4564,59
4565,59
4566,59
4567,2
4568,95
4569,3
4570,4
4571,91
4572,92
4573,93
4574,96
4575,97
4576,145
4577,52
4578,52
4579,52
4580,52
4581,52
4582,62
4583,146
4584,52
4585,52
4586,52
4587,52
4588,64
4589,63
4590,64
4591,65
4592,65
4593,84
4594,20
4595,6
4596,65
4597,47
4598,45
4599,46
4600,2
4601,48
4602,3
4603,66
4604,1
4605,24
4606,67
4607,7
4608,147
4609,2
4610,127
4611,128
4612,85
4613,86
4614,87
4615,87
4616,89
4617,90
4618,22
4619,4
4620,15
4621,4
4622,5
4623,49
4624,49
4625,8
4626,51
4627,137
4628,91
4629,9
4630,10
4631,11
4632,12
4633,68
4634,13
4635,30
4636,31
4637,32
4638,23
4639,148
4640,98
4641,54
4642,129
4643,33
4644,34
4645,53
4646,54
4647,5
4648,99
4649,100
4650,149
4651,101
4652,102
4654,12
4655,103
4656,6
4657,21
4658,24
4659,138
4660,22
4661,14
4662,150
4663,151
4664,152
4665,153
4666,154
4667,109
4668,110
4669,69
4670,92
4671,15
4672,80
4673,81
4674,15
4675,74
4676,67
4677,70
4678,68
4679,104
4680,105
4681,69
4682,106
4683,107
4684,17
4685,155
4686,156
4687,157
4688,93
4689,94
4690,139
4691,21
4692,70
4693,13
4694,71
4695,16
4696,7
4697,7
4698,8
4699,17
4700,22
4701,4
4702,56
4703,56
4704,58
4705,58
4706,158
4707,1
4708,71
4709,72
4710,140
4711,72
4712,18
4713,141
4714,141
4715,108
4716,75
4717,4
4718,14
4719,159
4720,60
4721,60
4722,60
4723,63
4724,63
4725,25
4727,2
4728,130
4729,160
4730,160
4731,73
4732,74
4733,143
4734,73
4735,74
4736,75
4737,76
4738,162
4739,163
4740,23
4741,164
4742,83
4743,76
4744,18
4745,18
4746,18
4747,23
4748,19
4749,75
4750,76
4751,20
4752,21
4753,28
4754,7
4755,3
4756,4
4757,165
4758,77
4759,33
4760,34
4761,35
4762,36
4763,144
4764,144
4765,144
4766,16
4767,166
4768,167
4769,8
4770,78
4771,5
4772,77
4773,168
4774,169
4775,170
4776,38
4777,20
4778,20
4779,25
4780,15
4781,94
4782,91
4783,6
4784,47
4785,78
4786,95
4787,74
4788,9
4789,75
4790,77
4791,78
4792,79
4793,80
4794,81
4795,82
4796,55
4797,21
4798,10
4799,8
4800,48
4801,171
4802,7
4803,2
4804,2
4805,172
4806,4
4807,65
4808,66
4809,79
4810,16
4811,79
4812,80
4813,173
4814,8
4815,80
4816,13
4817,76
4818,17
4819,81
4820,174
4821,37
4822,147
4823,96
4824,97
4825,11
4826,81
4827,21
4828,77
4829,98
4830,18
4831,99
4832,100
4833,175
4834,175
4835,83
4836,84
4837,17
4838,21
4839,85
4840,86
4841,87
4842,88
4843,9
4844,89
4845,90
4846,91
4848,109
4849,110
4850,22
4851,35
4852,36
4853,30
4854,10
4855,78
4856,78
4857,22
4858,22
4859,22
4860,111
4861,11
4862,26
4863,101
4864,112
4865,49
4866,12
4867,13
4868,82
4869,27
4870,83
4871,177
4872,178
4873,50
4874,51
4875,179
4876,31
4877,92
4878,82
4879,83
4880,84
4881,18
4882,21
4883,113
4884,114
4885,22
4886,23
4887,24
4888,115
4889,25
4890,26
4891,27
4892,28
4893,29
4894,32
4895,148
4896,149
4897,33
4899,29
4900,12
4901,30
4902,52
4903,180
4904,181
4905,37
4906,38
4907,25
4908,32
4909,116
4910,102
4911,103
4912,104
4913,84
4914,117
4915,118
4916,23
4917,14
4918,15
4919,37
4920,182
4921,22
4922,21
4923,21
4924,21
4925,111
4926,14
4927,15
4928,19
4929,5
4930,39
4931,84
4932,183
4933,33
4934,16
4936,119
4937,184
4938,1
4939,28
4940,29
4941,85
4942,86
4943,85
4944,19
4945,87
4946,87
4947,38
4948,82
4949,83
4950,84
4951,85
4952,49
4953,49
4954,49
4955,49
4956,49
4957,67
4958,26
4959,20
4960,23
4961,17
4962,20
4963,120
4964,86
4965,30
4966,24
4967,121
4968,89
4969,24
4970,31
4971,23
4972,18
4973,56
4974,122
4975,93
4976,38
4977,112
4978,19
4979,150
4982,105
4983,20
4984,21
4985,86
4986,87
4987,3
4991,20
4992,20
4993,24
4994,30
4995,31
4996,32
4997,8
4998,25
4999,131
5000,85
5001,39
5002,21
5005,40
5006,5
5007,6
5008,86
5009,151
5010,151
5011,151
5012,154
5013,31
5014,32
5015,132
5016,90
5017,87
5018,22
5019,32
5020,33
5021,91
5022,9
5023,26
5024,92
5025,34
5026,35
5027,68
5028,68
5029,8
5030,36
5031,37
5032,38
5033,39
5034,22
5035,23
5036,133
5037,134
5038,25
5039,88
5040,135
5041,136
5042,137
5043,40
5044,41
5045,93
5046,24
5047,25
5048,80
5049,87
5050,81
5051,113
5052,114
5053,2
5054,94
5055,95
5056,94
5057,33
5058,34
5059,35
5060,106
5061,95
5062,96
5063,96
5064,26
5065,138
5066,50
5067,27
5068,89
5069,26
5070,34
5079,139
5080,97
5081,97
5082,140
5083,36
5084,37
5085,41
5086,97
5087,98
5088,90
5089,23
5090,57
5091,3
5092,33
5093,34
5094,88
5095,99
5096,115
5097,100
5098,123
5099,3
5100,99
5101,100
5102,101
5103,102
5104,103
5105,104
5106,116
5107,124
5108,125
5109,24
5110,28
5111,126
5112,127
5113,35
5114,4
5115,2
5116,42
5117,27
5118,28
5119,128
5120,38
5121,105
5122,39
5123,129
5124,51
5125,21
5126,40
5127,25
5128,5
5129,82
5130,83
5131,41
5132,141
5133,42
5134,142
5135,5
5136,185
5137,89
5138,186
5140,29
5141,26
5142,36
5143,37
5144,187
5145,38
5146,25
5147,106
5148,43
5149,101
5150,102
5151,103
5152,104
5153,91
5154,6
5156,130
5157,1
5158,2
5159,3
5160,3
5161,107
5162,43
5163,108
5164,52
5165,44
5166,105
5167,131
5168,132
5169,58
5170,26
5171,29
5172,7
5173,59
5174,44
5175,27
5176,106
5177,107
5178,107
5179,108
5180,24
5181,24
5182,24
5183,24
5184,24
5185,24
5186,24
5187,24
5188,24
5189,24
5190,24
5191,24
5192,84
5193,85
5194,2
5195,133
5196,109
5197,86
5198,6
5199,6
5200,134
5201,9
5202,135
5203,188
5204,4
5205,30
5206,53
5207,54
5208,5
5209,40
5210,8
5211,31
5212,32
5213,33
5214,34
5215,87
5216,45
5217,46
5218,47
5219,55
5220,56
5221,35
5222,36
5223,24
5224,25
5226,10
5227,39
5228,37
5229,57
5230,57
5231,57
5232,60
5233,40
5234,4
5235,4
5236,6
5237,6
5238,6
5239,6
5240,42
5241,43
5242,44
5243,9
5244,45
5245,109
5246,110
5247,111
5248,38
5249,112
5251,45
5252,27
5253,136
5254,39
5255,137
5256,41
5258,41
5259,41
5260,22
5261,92
5262,113
5263,43
5265,24
5266,9
5268,1
5269,42
5270,114
5271,143
5272,27
5273,22
5274,10
5275,11
5277,10
5278,10
5279,12
5280,12
5281,16
5282,46
5283,1
5284,115
5285,47
5286,90
5287,48
5288,17
5289,14
5290,93
5291,116
5292,15
5293,60
5294,88
5295,144
5296,23
5297,49
5298,50
5299,51
5300,52
5301,53
5302,54
5303,91
5304,26
5305,55
5306,1
5307,6
5308,43
5309,145
5310,8
5311,5
5312,16
5313,89
5314,92
5315,9
5316,28
5317,9
5318,29
5319,30
5320,117
5321,118
5322,56
5324,1
5325,138
5326,139
5327,48
5328,93
5329,2
5330,6
5331,49
5332,117
5333,15
5334,15
5335,140
5336,39
5338,36
5339,36
5340,36
5341,36
5342,50
5343,33
5344,17
5345,51
5346,18
5347,57
5348,52
5349,58
5350,19
5351,19
5352,21
5353,146
5354,59
5355,60
5356,61
5357,62
5358,22
5359,17
5360,108
5361,31
5362,31
5363,31
5364,31
5365,31
5366,141
5367,12
5368,94
5369,13
5370,142
5371,119
5372,40
5373,5
5374,1
5376,53
5377,54
5378,6
5379,189
5380,190
5381,7
5382,147
5383,41
5384,109
5385,14
5386,21
5387,28
5388,92
5389,42
5390,143
5391,191
5392,192
5393,193
5394,43
5398,36
5399,36
5400,36
5401,15
5402,16
5403,44
5404,44
5405,44
5406,88
5407,89
5408,110
5409,47
5410,194
5411,48
5412,35
5413,49
5414,93
5415,17
5416,61
5417,62
5418,120
5419,195
5420,10
5421,2
5422,196
5423,18
5425,18
5426,50
5427,50
5428,50
5429,118
5430,119
5431,94
5432,11
5433,144
5434,145
5435,146
5436,147
5437,148
5438,95
5439,53
5440,53
5441,53
5442,53
5443,53
5444,148
5445,149
5446,18
5447,63
5448,64
5449,197
5450,198
5451,149
5452,26
5453,26
5454,26
5455,26
5456,39
5457,58
5458,58
5459,58
5460,58
5461,58
5462,58
5463,58
5464,199
5465,55
5466,65
5467,65
5468,63
5469,10
5470,61
5471,95
5472,67
5473,67
5474,67
5475,67
5476,12
5477,56
5478,28
5479,57
5480,23
5481,58
5482,71
5483,71
5484,59
5485,64
5486,65
5487,4
5488,5
5489,73
5490,73
5491,73
5492,24
5493,24
5494,24
5495,24
5496,24
5497,24
5498,24
5499,31
5501,1
5502,150
5503,11
5504,66
5505,67
5506,68
5507,11
5508,151
5509,62
5510,22
5511,29
5512,90
5513,91
5514,92
5515,152
5516,153
5517,154
5518,44
5519,96
5520,45
5521,4
5522,5
5523,6
5524,69
5525,93
5526,65
5527,66
5528,30
5529,19
5530,200
5531,200
5532,200
5533,155
5534,203
5535,203
5536,203
5537,94
5538,25
5539,63
5540,156
5541,206
5542,207
5543,40
5544,208
5545,157
5546,158
5547,2
5548,31
5549,26
5550,26
5551,159
5553,36
5555,155
5556,76
5557,76
5558,76
5559,76
5560,76
5561,76
5562,76
5563,76
5564,30
5565,37
5568,32
5570,54
5571,97
5572,10
5573,55
5575,46
5576,32
5577,33
5579,96
5581,97
5582,64
5583,160
5584,161
5585,162
5586,19
5587,20
5589,21
5591,56
5592,28
5593,95
5594,90
5595,91
5596,96
5597,22
5598,29
5599,29
5600,209
5601,60
5602,61
5603,23
5604,34
5605,150
5606,70
5607,84
5608,84
5609,84
5610,84
5611,84
5612,84
5613,84
5614,84
5615,84
5616,84
5617,84
5618,84
5619,84
5620,84
5621,84
5622,84
5623,84
5624,84
5625,84
5626,84
5628,151
5629,152
5631,98
5632,120
5633,111
5634,163
5635,98
5636,34
5637,47
5638,153
5639,154
5640,23
5641,155
5642,164
5643,165
5645,166
5646,167
5647,168
5648,121
5649,122
5650,123
5651,124
5652,2
5653,3
5654,13
5655,24
5656,112
5658,113
5659,210
5660,211
5661,212
5662,213
5663,214
5664,30
5665,30
5666,14
5667,97
5668,156
5669,169
5670,170
5671,215
5672,24
5674,11
5675,65
5676,171
5677,46
5678,15
5679,47
5680,48
5681,33
5682,156
5683,98
5684,157
5685,158
5686,99
5687,25
5688,99
5691,20
5692,57
5693,2
5694,2
5695,12
5696,172
5697,173
5698,13
5699,159
5700,216
5701,5
5702,160
5703,161
5704,162
5705,163
5706,1
5707,2
5708,164
5709,3
5710,4
5711,5
5712,121
5713,157
5714,4
5715,58
5716,114
5717,114
5718,66
5719,1
5720,62
5721,100
5722,101
5723,158
5724,165
5725,12
5726,6
5727,13
5728,174
5729,12
5730,104
5731,104
5732,104
5733,104
5734,104
5735,104
5736,104
5737,104
5738,104
5739,1
5740,1
5741,14
5743,31
5744,15
5745,166
5746,70
5747,70
5748,116
5749,117
5750,1
5751,175
5752,27
5753,27
5754,41
5755,41
5756,41
5757,102
5758,217
5759,32
5760,103
5761,176
5762,177
5763,52
5764,178
5765,179
5766,180
5767,44
5768,11
5769,11
5771,5
5772,110
5773,181
5774,182
5776,113
5777,218
5778,111
5779,112
5780,104
5781,219
5782,183
5783,99
5784,99
5785,99
5786,99
5787,99
5788,99
5789,105
5790,53
5791,16
5792,34
5793,35
5794,35
5795,35
5796,220
5797,16
5799,33
5800,13
5801,13
5802,54
5803,32
5804,32
5805,45
5806,45
5807,17
5808,17
5809,55
5810,184
5811,59
5812,19
5813,60
5814,20
5815,6
5816,6
5817,56
5818,56
5819,56
5820,56
5821,100
5822,101
5823,221
5824,63
5825,60
5826,60
5827,60
5828,60
5829,159
5830,61
5831,35
5832,106
5833,36
5834,37
5835,26
5836,27
5837,28
5838,185
5839,186
5840,187
5841,47
5842,107
5843,34
5844,34
5845,29
5846,30
5847,105
5848,14
5849,14
5851,1
5852,160
5853,161
5854,38
5855,162
5856,95
5857,10
5858,96
5859,38
5860,21
5861,31
5862,163
5863,64
5864,25
5865,65
5868,38
5869,38
5870,53
5871,10
5872,92
5873,93
5874,1
5875,114
5876,114
5877,22
5879,71
5880,97
5881,23
5882,188
5883,106
5884,24
5885,6
5886,40
5887,189
5889,190
5890,191
5891,192
5892,193
5893,64
5894,64
5895,64
5896,16
5897,125
5898,125
5899,127
5900,128
5901,48
5902,66
5903,67
5904,68
5905,69
5906,70
5907,35
5908,194
5909,67
5910,3
5911,1
5912,195
5913,49
5914,98
5915,22
5917,5
5918,222
5919,129
5920,72
5921,25
5922,25
5923,27
5924,196
5925,10
5926,4
5927,6
5928,2
5929,197
5930,26
5931,130
5932,27
5933,68
5934,28
5935,94
5936,29
5937,108
5938,164
5939,198
5940,199
5941,17
5942,18
5943,10
5944,25
5945,131
5946,30
5947,3
5949,39
5950,12
5951,50
5952,165
5953,31
5954,31
5955,200
5956,201
5957,202
5958,203
5959,166
5960,167
5961,132
5962,116
5963,116
5964,116
5965,116
5966,116
5967,116
5968,116
5970,14
5971,204
5972,40
5973,109
5974,205
5975,41
5976,2
5977,19
5978,20
5979,28
5980,133
5981,134
5986,110
5987,94
5988,206
5989,206
5990,208
5991,209
5992,210
5993,211
5994,212
5995,213
5998,168
5999,169
6000,17
6001,17
6002,17
6003,17
6004,17
6005,17
6006,17
6007,111
6008,214
6009,7
6010,8
6011,33
6012,107
6013,3
6014,8
6016,41
6017,57
6018,3
6020,58
6021,55
6022,9
6023,34
6024,123
6025,123
6026,123
6027,123
6028,123
6029,123
6030,123
6031,123
6032,21
6033,118
6034,99
6035,112
6037,2
6038,2
6039,2
6040,95
6041,135
6042,135
6043,135
6044,27
6045,28
6046,1
6053,73
6054,74
6055,29
6057,42
6058,24
6059,24
6063,170
6064,171
6065,42
6066,75
6073,15
6074,1
6075,40
6076,40
6077,40
6078,40
6079,44
6080,45
6081,96
6082,46
6083,47
6084,48
6085,49
6086,56
6087,30
6088,31
6089,16
6091,108
6093,2
6095,131
6096,131
6097,102
6098,103
6099,104
6100,43
6101,51
6102,51
6103,32
6104,109
6105,215
6106,105
6107,216
6108,97
6109,98
6110,99
6111,100
6112,217
6113,4
6114,223
6115,223
6116,5
6117,6
6118,218
6119,33
6120,113
6121,59
6122,60
6123,34
6124,8
6125,23
6126,110
6128,1
6129,111
6130,225
6131,226
6132,24
6133,227
6134,32
6135,22
6136,29
6137,26
6138,26
6139,26
6140,69
6141,35
6142,33
6143,61
6145,101
6146,35
6147,44
6148,1
6149,219
6150,220
6151,228
6152,229
6153,221
6154,24
6155,6
6156,45
6157,2
6158,122
6159,123
6160,34
6161,3
6162,102
6163,103
6164,104
6165,106
6166,138
6167,230
6168,231
6169,232
6170,105
6171,106
6172,114
6173,222
6174,223
6175,233
6176,234
6177,57
6178,107
6179,108
6180,109
6181,110
6182,112
6183,107
6184,46
6185,108
6186,109
6187,34
6188,235
6189,110
6190,3
6191,35
6192,70
6193,70
6194,70
6195,58
6202,3
6203,3
6204,3
6205,3
6206,59
6207,124
6208,125
6209,111
6210,112
6212,236
6213,237
6214,238
6215,239
6216,240
6217,241
6218,126
6219,242
6220,243
6221,244
6222,245
6223,127
6224,246
6225,247
6226,248
6227,249
6228,250
6229,251
6230,251
6231,62
6233,111
6234,112
6235,113
6236,60
6237,60
6238,71
6239,5
6240,1
6241,128
6242,129
6244,172
6245,172
6246,62
6247,63
6248,34
6249,34
6250,1
6251,67
6253,68
6254,2
6255,3
6256,36
6257,29
6258,37
6259,38
6260,39
6261,36
6262,114
6263,115
6264,4
6265,63
6266,63
6267,63
6268,130
6269,131
6270,132
6271,133
6272,29
6273,134
6274,139
6275,140
6276,40
6277,66
6278,67
6279,115
6280,41
6281,41
6282,41
6283,41
6284,41
6285,41
6286,41
6287,141
6288,116
6289,37
6290,35
6291,47
6292,5
6293,5
6294,113
6295,114
6296,115
6297,48
6298,48
6299,48
6300,48
6301,48
6302,48
6303,48
6304,48
6305,48
6306,48
6307,48
6308,48
6309,48
6310,174
6311,117
6312,53
6313,113
6314,224
6315,39
6316,2
6317,40
6318,1
6319,2
6320,7
6321,95
6322,48
6323,6
6324,7
6325,61
6326,61
6327,61
6328,61
6329,61
6330,61
6331,61
6332,61
6333,61
6334,61
6335,61
6336,61
6337,61
6338,61
6339,61
6340,61
6341,61
6342,61
6343,61
6344,61
6345,61
6346,61
6347,61
6348,61
6349,3
6350,4
6351,8
6352,62
6353,142
6354,23
6355,9
6356,7
6357,7
6361,113
6362,116
6363,225
6364,73
6365,73
6367,1
6368,1
6369,1
6370,118
6371,41
6372,2
6373,10
6374,226
6375,227
6376,228
6377,229
6378,119
6379,11
6380,12
6381,31
6382,32
6383,100
6384,253
6385,253
6386,75
6387,75
6388,75
6389,78
6393,68
6394,120
6395,13
6396,14
6397,15
6398,230
6399,42
6400,121
6401,43
6402,255
6403,255
6404,255
6405,255
6406,122
6407,175
6408,175
6409,259
6410,259
6411,261
6412,177
6413,33
6414,14
6415,116
6416,231
6417,30
6418,123
6419,15
6420,34
6421,232
6422,233
6423,124
6424,63
6425,262
6426,262
6427,262
6428,262
6429,262
6430,35
6431,36
6432,2
6433,2
6434,2
6435,44
6436,125
6437,117
6438,267
6439,7
6440,126
6441,43
6442,36
6443,268
6444,36
6445,3
6446,3
6448,1
6449,1
6450,49
6451,50
6452,51
6453,64
6454,65
6455,127
6456,127
6457,6
6458,8
6459,36
6460,3
6461,52
6462,37
6463,53
6464,48
6465,48
6466,234
6467,117
6468,101
6469,135
6470,136
6471,11
6472,235
6473,236
6474,37
6475,54
6476,5
6477,24
6478,38
6479,39
6480,178
6481,8
6482,143
6483,40
6484,5
6485,85
6486,114
6487,114
6488,114
6489,269
6490,79
6491,79
6492,16
6494,25
6495,26
6496,81
6501,119
6502,5
6503,129
6504,45
6505,27
6506,28
6507,2
6508,82
6509,237
6510,120
6511,120
6512,122
6513,38
6514,6
6515,270
6516,137
6517,179
6518,41
6519,2
6520,238
6521,29
6522,2
6524,42
6525,138
6526,30
6527,102
6528,103
6529,9
6530,139
6531,2
6532,2
6533,271
6534,271
6535,271
6536,180
6537,12
6538,13
6539,130
6540,130
6541,55
6542,8
6543,86
6544,86
6545,86
6546,86
6547,86
6548,86
6549,86
6550,86
6551,86
6552,86
6553,86
6554,86
6555,86
6556,86
6557,86
6558,86
6559,31
6560,64
6561,65
6563,66
6564,37
6565,2
6566,239
6567,132
6568,102
6569,102
6570,102
6571,102
6572,102
6573,104
6574,167
6576,144
6577,144
6578,144
6579,3
6580,4
6581,147
6582,147
6584,240
6585,118
6586,118
6587,118
6588,118
6589,241
6590,242
6591,140
6592,8
6593,168
6594,168
6595,3
6596,114
6597,107
6598,9
6599,133
6600,38
6601,274
6602,10
6603,3
6604,181
6605,181
6606,115
6607,17
6608,6
6609,3
6610,14
6611,32
6612,275
6613,276
6614,277
6615,21
6616,21
6617,118
6618,141
6619,3
6620,39
6621,40
6622,243
6623,183
6624,184
6625,33
6626,15
6627,41
6628,108
6629,16
6630,117
6631,30
6632,42
6633,43
6635,119
6636,116
6637,120
6638,10
6639,278
6640,278
6641,278
6642,278
6643,17
6644,4
6646,36
6647,37
6648,6
6649,30
6650,244
6651,69
6652,70
6653,38
6654,4
6655,245
6656,185
6657,122
6658,11
6659,4
6660,69
6662,70
6663,71
6664,123
6665,46
6667,124
6668,125
6669,1
6670,282
6671,31
6672,1
6673,44
6674,45
6675,1
6676,1
6677,5
6678,2
6679,5
6680,246
6681,72
6689,10
6690,10
6691,142
6693,18
6694,73
6695,19
6696,1
6697,1
6698,1
6699,1
6700,1
6701,34
6702,186
6703,9
6704,7
6705,187
6706,20
6707,21
6708,18
6709,126
6710,12
6711,4
6712,247
6713,134
6714,134
6715,188
6716,22
6717,19
6718,1
6719,127
6720,56
6721,128
6722,74
6723,121
6724,44
6725,35
6726,143
6727,13
6728,14
6729,20
6730,76
6731,10
6732,248
6733,7
6734,129
6735,249
6736,50
6737,77
6747,15
6748,36
6750,8
6751,37
6752,75
6753,75
6754,75
6755,250
6756,122
6757,78
6758,57
6759,251
6760,3
6761,5
6762,109
6763,136
6764,144
6765,170
6766,170
6767,38
6768,145
6769,110
6770,110
6774,2
6775,39
6792,283
6793,9
6795,78
6796,16
6797,252
6798,253
6799,11
6800,12
6801,16
6802,17
6803,18
6804,123
6805,58
6806,19
6808,146
6810,23
6811,137
6812,2
6813,3
6814,13
6815,17
6816,39
6817,40
6818,6
6819,66
6820,138
6821,14
6822,15
6823,147
6824,79
6825,2
6826,21
6827,20
6828,7
6829,21
6830,22
6831,23
6832,24
6833,25
6834,4
6835,124
6836,254
6837,172
6839,148
6840,80
6841,81
6842,47
6843,112
6844,112
6845,5
6846,255
6847,2
6848,48
6849,2
6850,4
6851,46
6852,4
6853,6
6854,3
6855,18
6856,19
6857,114
6858,114
6859,114
6860,114
6861,114
6862,130
6863,149
6864,150
6865,151
6866,152
6867,47
6868,47
6869,189
6870,190
6871,7
6872,7
6873,7
6874,7
6875,7
6876,7
6877,7
6878,105
6879,106
6880,107
6881,82
6882,6
6883,40
6884,83
6885,84
6886,43
6887,44
6888,131
6889,37
6890,108
6891,45
6892,46
6893,20
6894,132
6895,133
6896,49
6897,26
6898,27
6899,41
6900,42
6901,43
6902,44
6903,38
6904,21
6905,284
6906,153
6907,285
6908,45
6909,46
6910,286
6911,287
6912,149
6914,41
6915,45
6916,6
6917,6
6918,6
6919,6
6920,6
6921,6
6922,6
6923,22
6924,5
6925,7
6926,256
6927,72
6928,288
6929,139
6930,125
6931,46
6932,47
6933,48
6934,191
6935,150
6936,151
6937,192
6938,49
6939,49
6940,50
6941,16
6942,7
6943,8
6944,51
6945,140
6946,140
6947,140
6948,140
6949,140
6950,140
6951,289
6952,152
6953,7
6954,17
6955,4
6956,50
6957,8
6958,50
6960,51
6961,126
6962,52
6963,51
6964,153
6965,154
6966,53
6967,146
6968,47
6969,13
6970,193
6971,194
6972,195
6973,196
6974,154
6975,155
6976,14
6977,15
6979,67
6980,109
6981,79
6982,79
6983,11
6984,16
6985,16
6986,3
6990,47
6991,48
6992,49
6993,50
6994,52
6995,119
6997,22
6998,83
6999,134
7001,23
7002,7
7004,120
7005,121
7006,48
7007,8
7008,51
7009,5
7010,290
7011,52
7013,155
7014,156
7015,24
7016,157
7017,158
7018,42
7019,1
7020,291
7021,291
7022,291
7023,294
7024,294
7025,296
7026,297
7027,54
7028,54
7029,2
7031,1
7032,5
7033,8
7034,9
7035,10
7036,11
7037,127
7038,12
7039,13
7040,13
7041,14
7042,159
7043,68
7044,53
7045,26
7046,2
7047,3
7048,3
7049,3
7050,3
7051,257
7052,258
7053,259
7054,260
7055,147
7056,122
7057,54
7058,51
7059,52
7060,53
7061,54
7062,156
7063,157
7064,158
7065,261
7066,72
7067,25
7068,73
7069,52
7070,3
7071,9
7072,4
7073,10
7074,1
7075,56
7076,160
7077,57
7078,161
7079,159
7080,160
7081,53
7082,39
7083,39
7087,59
7088,43
7089,41
7090,41
7091,41
7092,41
7093,161
7094,162
7095,162
7096,6
7097,128
7098,5
7099,6
7100,110
7101,111
7102,53
7103,73
7104,74
7105,133
7106,8
7107,45
7108,148
7109,149
7110,197
7116,173
7117,174
7118,129
7119,130
7120,7
7121,55
7122,131
7123,96
7124,84
7125,54
7126,55
7127,56
7128,57
7130,23
7133,24
7134,25
7135,298
7136,75
7137,26
7138,7
7139,27
7140,198
7141,299
7142,14
7143,8
7144,162
7145,9
7146,123
7150,163
7151,164
7152,175
7153,300
7154,301
7155,199
7156,302
7157,302
7158,304
7159,304
7160,28
7162,164
7163,165
7170,123
7177,124
7178,200
7181,201
7182,5
7183,5
7184,5
7185,5
7186,55
7187,8
7188,9
7189,10
7190,10
7192,1
7193,85
7194,7
7195,8
7196,10
7197,11
7198,86
7199,87
7200,23
7201,24
7202,11
7203,6
7204,15
7205,88
7206,6
7207,9
7208,8
7209,9
7210,10
7211,8
7212,8
7213,8
7214,8
7215,8
7216,5
7217,6
7218,89
7219,90
7220,117
7221,112
7222,112
7223,135
7224,91
7225,18
7226,44
7227,45
7228,202
7229,54
7230,46
7231,203
7232,204
7233,12
7238,7
7239,31
7240,58
7241,59
7242,56
7243,25
7244,38
7245,26
7246,2
7247,55
7248,55
7249,55
7250,3
7251,4
7252,205
7253,206
7254,58
7255,92
7256,7
7257,8
7258,150
7259,13
7260,4
7262,28
7263,165
7264,166
7265,136
7267,71
7268,262
7269,50
7270,60
7271,61
7272,3
7273,4
7274,207
7275,5
7276,6
7277,41
7278,306
7279,124
7280,166
7281,167
7282,125
7283,307
7284,58
7285,58
7286,11
7287,16
7288,17
7289,18
7290,308
7291,1
7292,12
7293,132
7294,133
7295,151
7296,6
7299,59
7300,7
7301,60
7302,61
7303,8
7304,11
7305,62
7306,63
7307,56
7308,93
7309,263
7310,114
7311,152
7312,9
7313,9
7314,9
7315,9
7316,9
7317,9
7318,9
7319,46
7320,167
7321,168
7322,169
7323,64
7324,170
7325,65
7326,29
7327,2
7328,2
7329,2
7330,264
7331,12
7332,12
7333,12
7334,265
7335,10
7336,47
7337,309
7338,309
7339,15
7340,15
7341,266
7342,311
7344,66
7345,312
7346,312
7347,312
7348,312
7349,312
7350,48
7351,153
7352,67
7353,29
7354,30
7355,31
7356,32
7357,33
7358,34
7359,7
7360,134
7361,135
7362,267
7363,136
7365,17
7366,17
7367,9
7368,35
7369,57
7370,19
7371,9
7372,9
7373,154
7374,20
7375,21
7376,57
7377,22
7378,49
7379,68
7380,268
7381,317
7382,69
7383,70
7384,269
7385,176
7386,176
7387,176
7388,208
7389,18
7390,18
7391,115
7392,116
7393,23
7394,24
7395,25
7396,26
7397,9
7398,19
7400,42
7401,60
7402,61
7403,62
7404,43
7405,137
7406,270
7407,60
7408,47
7409,271
7410,63
7411,126
7412,171
7413,172
7414,318
7415,94
7416,58
7417,72
7418,73
7419,155
7420,156
7421,156
7422,156
7423,64
7424,32
7425,71
7426,71
7427,319
7428,320
7429,168
7430,169
7431,12
7432,12
7433,12
7435,1
7437,137
7438,11
7439,321
7440,7
7441,322
7442,323
7443,324
7444,138
7445,139
7446,140
7447,141
7449,142
7450,143
7451,144
7452,173
7453,174
7454,24
7455,127
7456,128
7457,129
7458,130
7459,10
7460,44
7461,44
7462,20
7463,46
7464,65
7465,66
7466,67
7468,325
7469,325
7470,327
7471,328
7472,328
7473,330
7474,138
7475,272
7476,139
7477,61
7478,131
7479,132
7480,27
7481,1
7482,73
7483,74
7484,81
7485,50
7486,28
7490,51
7491,133
7492,134
7493,8
7494,59
7495,59
7496,135
7497,2
7498,3
7499,331
7500,273
7501,1
7502,332
7503,333
7504,4
7505,29
7506,140
7507,141
7508,142
7509,75
7510,76
7511,334
7512,1
7513,2
7515,47
7516,3
7517,3
7518,3
7519,3
7520,3
7521,10
7522,11
7524,62
7525,48
7526,21
7527,12
7528,13
7529,175
7530,176
7531,63
7532,64
7533,65
7534,66
7535,77
7536,143
7537,144
7538,16
7539,209
7540,11
7541,49
7542,335
7543,30
7544,31
7545,78
7546,1
7547,336
7548,79
7549,177
7550,178
7551,9
7552,17
7553,179
7554,180
7555,181
7556,182
7560,80
7561,81
7562,136
7563,137
7565,32
7566,337
7567,338
7568,339
7569,145
7570,146
7571,9
7572,13
7573,274
7574,32
7575,340
7576,341
7577,275
7578,147
7579,183
7580,342
7581,343
7582,2
7583,210
7585,50
7586,51
7587,12
7588,52
7589,8
7591,276
7592,36
7593,14
7594,14
7595,53
7596,15
7597,82
7598,1
7599,1
7600,22
7601,54
7602,55
7603,8
7604,9
7605,8
7606,56
7607,82
7608,57
7609,58
7610,58
7611,14
7612,148
7613,62
7614,149
7615,48
7616,138
7617,139
7619,16
7620,83
7621,211
7622,212
7623,184
7624,185
7625,179
7626,3
7627,13
7628,277
7629,59
7630,11
7631,60
7632,12
7633,278
7634,186
7635,187
7636,188
7637,344
7638,345
7639,346
7640,347
7641,84
7642,3
7643,4
7644,10
7645,159
7646,11
7647,61
7648,12
7649,13
7650,5
7651,6
7652,180
7653,62
7654,23
7655,24
7656,134
7657,134
7658,134
7659,134
7660,134
7661,134
7662,134
7663,118
7664,63
7665,19
7666,7
7667,145
7668,64
7669,65
7670,66
7671,67
7672,68
7673,69
7674,117
7675,118
7676,25
7677,2
7678,348
7679,349
7680,52
7681,33
7682,34
7683,119
7684,120
7685,279
7686,280
7687,26
7688,281
7689,35
7690,35
7691,37
7692,37
7693,9
7694,70
7695,85
7696,282
7697,283
7698,27
7699,39
7700,40
7701,37
7702,38
7703,146
7704,147
7705,8
7706,213
7707,86
7708,87
7709,88
7710,15
7711,71
7712,9
7713,72
7714,74
7715,189
7716,10
7717,53
7718,10
7719,27
7720,16
7721,16
7722,16
7723,150
7724,151
7725,73
7726,63
7727,89
7728,89
7729,350
7730,351
7731,14
7732,15
7733,16
7734,17
7735,18
7736,19
7737,20
7738,21
7739,13
7740,352
7741,74
7742,64
7743,65
7745,170
7746,190
7747,49
7748,152
7749,153
7750,191
7751,192
7752,10
7753,33
7754,22
7755,23
7756,24
7757,25
7758,26
7761,27
7762,28
7763,39
7764,40
7765,2
7766,12
7767,2
7768,97
7769,66
7770,9
7771,2
7772,214
7773,67
7774,91
7775,67
7776,50
7777,75
7779,284
7780,1
7781,67
7782,92
7783,68
7784,68
7785,76
7786,77
7787,181
7788,78
7789,79
7790,80
7791,81
7792,14
7793,82
7794,83
7795,84
7796,84
7797,86
7798,61
7799,87
7800,88
7801,68
7802,69
7803,9
7804,9
7805,39
7806,11
7807,70
7808,89
7809,353
7810,353
7811,353
7812,356
7813,356
7814,90
7815,16
7816,9
7817,71
7818,72
7819,73
7820,154
7821,74
7822,75
7823,76
7824,77
7825,78
7826,28
7827,41
7828,42
7829,1
7830,1
7831,93
7832,11
7833,2
7834,20
7835,358
7836,29
7837,5
7838,75
7839,3
7841,359
7842,12
7843,193
7844,194
7845,360
7846,360
7847,10
7848,1
7849,79
7850,98
7851,13
7852,362
7853,11
7854,70
7855,285
7856,41
7857,42
7858,148
7859,71
7860,149
7861,94
7862,95
7863,363
7864,30
7865,171
7866,172
7867,49
7868,50
7869,80
7870,81
7871,82
7872,83
7873,84
7874,85
7875,86
7876,87
7877,88
7878,89
7879,62
7880,14
7881,173
7882,174
7883,286
7884,99
7885,34
7886,31
7887,96
7888,91
7889,92
7890,93
7891,17
7892,94
7893,29
7894,10
7895,63
7896,118
7897,119
7898,12
7899,120
7900,121
7901,287
7902,100
7903,160
7904,364
7905,101
7906,97
7907,17
7908,98
7910,10
7911,95
7912,95
7913,97
7914,98
7915,64
7916,3
7917,99
7918,102
7919,155
7920,103
7921,11
7922,104
7923,105
7924,106
7925,107
7926,156
7927,99
7928,72
7929,365
7930,365
7931,367
7932,6
7933,1
7934,1
7935,1
7936,100
7937,195
7938,101
7939,11
7940,368
7941,5
7942,102
7943,100
7944,103
7945,104
7946,105
7947,106
7948,6
7949,101
7950,14
7951,15
7952,121
7953,288
7954,107
7955,1
7956,30
7957,289
7958,108
7959,109
7960,110
7961,108
7962,109
7963,110
7964,102
7965,103
7966,104
7967,157
7968,90
7969,111
7970,122
7971,122
7972,124
7973,125
7974,112
7975,83
7976,369
7977,370
7978,196
7979,1
7980,105
7981,105
7982,111
7983,112
7984,122
7985,123
7986,124
7987,3
7988,113
7989,114
7990,4
7991,30
7992,31
7993,32
7994,290
7995,291
7996,126
7997,158
7998,215
7999,25
8000,25
8001,32
8002,65
8003,159
8004,159
8005,161
8006,161
8007,162
8008,162
8009,1
8017,9
8018,115
8021,116
8022,10
8023,16
8024,216
8025,107
8026,107
8027,12
8028,12
8029,127
8030,109
8031,110
8033,14
8034,164
8035,165
8036,162
8037,125
8038,126
8039,127
8040,166
8041,167
8042,117
8043,118
8045,33
8046,33
8047,15
8048,11
8049,119
8050,120
8051,121
8052,51
8053,122
8054,123
8055,124
8056,119
8057,125
8058,126
8059,127
8060,371
8061,33
8062,34
8063,35
8064,128
8065,129
8066,130
8067,36
8070,111
8071,4
8072,15
8073,16
8074,131
8075,132
8076,7
8077,1
8079,35
8080,120
8081,120
8082,372
8084,292
8085,293
8086,294
8087,68
8088,59
8089,133
8090,134
8091,43
8092,44
8093,217
8094,128
8095,129
8096,130
8097,131
8098,5
8099,14
8100,373
8101,374
8102,375
8103,295
8104,16
8105,296
8106,2
8107,150
8108,151
8109,297
8110,168
8111,84
8112,17
8113,18
8114,376
8115,377
8116,378
8117,135
8118,37
8119,38
8120,39
8121,132
8122,136
8123,137
8124,11
8125,36
8126,3
8127,13
8128,152
8129,153
8130,138
8131,139
8132,140
8133,218
8134,40
8135,40
8137,379
8138,141
8139,142
8140,143
8141,144
8142,145
8143,52
8144,380
8145,298
8146,1
8147,146
8148,381
8149,147
8150,2
8152,148
8153,149
8154,150
8155,2
8156,15
8157,382
8158,383
8159,14
8160,154
8161,4
8162,299
8163,3
8164,219
8165,151
8166,1
8167,220
8168,2
8169,10
8170,8
8171,11
8172,12
8173,221
8174,13
8179,9
8180,300
8181,301
8182,10
8183,175
8184,182
8185,182
8186,152
8187,13
8188,12
8189,3
8190,133
8191,54
8192,4
8193,14
8194,11
8195,15
8196,16
8197,17
8198,184
8199,28
8200,29
8201,185
8202,15
8203,60
8204,18
8205,19
8206,20
8207,21
8208,113
8209,3
8210,153
8211,22
8212,154
8213,37
8214,186
8215,42
8216,187
8217,187
8218,53
8219,112
8220,38
8221,384
8222,384
8223,23
8224,12
8225,13
8226,386
8227,386
8228,14
8229,15
8230,16
8231,17
8232,18
8233,19
8234,20
8235,21
8236,22
8237,23
8238,24
8239,25
8240,26
8241,27
8242,28
8243,29
8244,30
8245,31
8246,32
8247,33
8248,34
8249,35
8250,36
8251,37
8252,38
8253,39
8254,40
8255,41
8256,42
8257,43
8258,44
8259,45
8260,46
8261,47
8262,48
8263,49
8264,50
8265,51
8266,52
8267,53
8268,54
8269,55
8270,56
8271,57
8272,58
8273,59
8274,60
8275,61
8276,62
8277,63
8278,64
8279,65
8280,66
8281,67
8282,68
8283,69
8284,70
8285,71
8286,72
8287,73
8288,74
8289,75
8290,76
8291,77
8292,78
8293,79
8294,80
8295,81
8296,82
8297,83
8298,84
8299,85
8300,155
8301,86
8302,87
8303,88
8304,89
8305,90
8306,91
8307,222
8308,92
8309,93
8310,94
8311,95
8312,96
8313,97
8314,98
8315,99
8316,100
8317,101
8318,102
8319,103
8320,104
8321,105
8322,106
8323,3
8324,4
8325,107
8326,108
8327,109
8328,110
8329,111
8330,112
8331,113
8332,114
8333,115
8334,116
8335,117
8336,118
8337,119
8338,120
8339,121
8340,122
8341,123
8342,124
8343,125
8344,126
8345,114
8346,127
8347,128
8348,129
8349,130
8350,155
8351,156
8352,157
8353,61
8354,12
8355,54
8356,5
8357,113
8358,302
8359,76
8360,6
8362,17
8363,1
8364,4
8365,388
8366,77
8367,39
8368,389
8369,303
8370,2
8371,223
8372,223
8373,43
8374,114
8375,33
8377,34
8378,15
8379,304
8380,169
8381,170
8382,1
8383,62
8384,73
8385,6
8386,24
8387,25
8389,163
8390,16
8391,19
8392,305
8393,1
8394,26
8395,306
8396,306
8397,308
8398,309
8399,171
8400,310
8401,27
8402,31
8403,158
8404,3
8405,28
8406,19
8407,68
8408,1
8409,20
8410,4
8411,4
8412,6
8413,6
8414,9
8415,10
8416,4
8417,2
8418,29
8419,69
8420,70
8421,71
8422,51
8423,311
8424,311
8425,311
8426,311
8427,14
8428,15
8429,16
8430,30
8431,63
8432,63
8433,63
8434,63
8435,18
8436,18
8437,20
8438,30
8439,390
8440,391
8441,391
8442,391
8443,1
8444,18
8445,164
8446,21
8448,122
8449,123
8450,3
8451,394
8452,95
8453,96
8454,189
8455,190
8456,395
8457,1
8458,13
8459,40
8460,197
8461,172
8462,32
8463,315
8464,159
8465,67
8466,160
8467,161
8468,162
8469,198
8470,199
8471,191
8473,12
8474,124
8475,55
8476,396
8477,397
8478,66
8480,44
8481,5
8482,5
8483,5
8484,5
8485,5
8486,5
8487,5
8488,56
8490,35
8491,85
8492,398
8493,156
8494,157
8495,86
8496,163
8497,399
8498,164
8499,74
8501,165
8502,1
8503,115
8504,166
8505,45
8506,27
8507,167
8508,168
8509,115
8510,41
8511,316
8512,317
8513,318
8514,22
8515,134
8516,45
8517,45
8518,45
8519,45
8520,45
8521,169
8522,18
8523,135
8524,19
8525,225
8526,170
8527,170
8528,116
8529,172
8530,2
8531,57
8532,125
8533,173
8534,20
8535,136
8536,137
8537,400
8538,174
8539,4
8540,19
8541,31
8542,2
8543,319
8544,3
8545,4
8546,5
8547,5
8548,117
8549,7
8550,14
8551,158
8552,2
8553,126
8554,127
8555,16
8556,320
8557,321
8558,175
8559,128
8560,50
8562,129
8563,401
8564,176
8570,402
8571,403
8572,3
8573,177
8574,130
8575,17
8576,178
8577,179
8578,180
8579,138
8580,139
8581,118
8582,46
8583,181
8584,13
8585,131
8586,119
8587,14
8588,120
8589,1
8590,43
8591,7
8592,121
8593,122
8594,404
8595,405
8596,406
8597,407
8598,408
8599,192
8600,182
8601,123
8602,8
8604,322
8605,124
8606,87
8607,47
8608,159
8609,160
8613,72
8616,125
8617,88
8618,20
8621,132
8622,409
8623,14
8624,200
8625,201
8628,26
8629,410
8632,15
8633,68
8635,183
8636,183
8637,3
8638,15
8639,323
8641,67
8642,68
8643,75
8644,185
8645,186
8646,14
8647,76
8648,15
8649,187
8650,188
8651,189
8652,140
8653,21
8654,18
8655,173
8656,54
8657,1
8658,89
8659,9
8660,4
8661,55
8662,23
8663,17
8664,18
8665,19
8666,141
8667,20
8668,12
8669,193
8670,193
8671,193
8672,193
8673,193
8674,21
8675,133
8676,69
8677,5
8678,2
8679,24
8680,190
8681,70
8682,8
8684,2
8685,44
8688,16
8689,7
8690,324
8691,325
8694,125
8696,1
8697,326
8698,327
8699,1
8700,5
8701,56
8702,25
8703,25
8704,25
8705,25
8706,25
8707,25
8708,25
8709,25
8710,25
8711,27
8712,27
8713,27
8714,27
8715,57
8716,191
8717,226
8718,1
8720,126
8721,127
8722,128
8723,129
8724,130
8725,5
8726,91
8727,131
8728,21
8729,161
8730,90
8732,328
8733,329
8734,17
8735,2
8737,69
8738,16
8739,142
8740,143
8741,132
8742,330
8743,331
8744,133
8745,134
8746,135
8747,136
8748,9
8749,332
8750,78
8751,192
8752,79
8753,79
8754,79
8755,79
8756,193
8757,137
8758,138
8759,15
8760,139
8762,134
8763,17
8764,17
8765,52
8767,22
8768,19
8769,91
8770,45
8771,46
8772,58
8773,53
8774,19
8775,174
8776,333
8777,140
8778,140
8779,140
8780,16
8781,17
8782,2
8783,54
8784,51
8785,51
8786,194
8788,1
8789,334
8790,31
8791,162
8792,32
8794,4
8795,5
8796,33
8797,227
8798,228
8800,6
8801,34
8802,143
8803,335
8804,1
8805,2
8806,202
8807,8
8808,71
8809,203
8810,144
8811,336
8812,35
8813,411
8814,337
8815,338
8816,412
8817,204
8818,205
8819,59
8820,339
8821,77
8822,3
8823,163
8824,175
8825,176
8826,177
8827,135
8828,136
8829,206
8830,16
8831,229
8832,3
8833,3
8834,207
8835,4
8836,208
8837,83
8838,18
8839,18
8840,10
8841,60
8842,15
8843,4
8844,145
8845,140
8846,23
8847,20
8848,6
8849,137
8850,413
8851,10
8852,92
8853,92
8854,5
8863,230
8864,17
8865,21
8866,11
8867,22
8868,23
8869,24
8870,25
8871,138
8872,146
8873,146
8874,231
8875,33
8876,18
8878,148
8879,198
8880,149
8881,414
8882,415
8883,4
8884,19
8885,19
8886,5
8887,21
8888,6
8889,195
8890,7
8891,340
8892,53
8893,150
8894,54
8895,54
8896,196
8897,232
8898,197
8899,164
8900,165
8901,84
8902,17
8903,139
8904,140
8905,341
8906,151
8907,416
8908,152
8909,342
8910,343
8911,344
8912,1
8913,78
8914,2
8916,8
8917,4
8918,417
8919,209
8920,210
8921,210
8922,212
8923,34
8924,79
8925,3
8926,70
8927,1
8928,198
8929,80
8930,61
8931,81
8932,345
8933,346
8934,11
8935,418
8936,347
8937,199
8938,199
8939,201
8940,16
8942,202
8943,203
8944,35
8945,141
8946,1
8947,4
8949,36
8950,20
8951,153
8952,153
8953,153
8954,153
8955,153
8956,153
8957,153
8958,153
8959,153
8960,153
8961,153
8962,153
8963,153
8964,153
8965,153
8966,153
8967,142
8968,20
8986,169
8987,169
8988,169
8989,169
8990,169
8991,169
8992,169
8993,169
8994,169
8995,169
8996,169
8997,169
8998,169
8999,169
9000,169
9001,169
9002,169
9003,169
9004,169
9005,204
9006,3
9007,233
9008,205
9009,128
9010,5
9011,5
9012,36
9014,206
9015,166
9016,5
9017,82
9054,37
9055,143
9056,167
9057,207
9060,69
9062,168
9063,419
9064,419
9065,6
9066,348
9067,421
9068,208
9069,94
9074,209
9075,210
9076,349
9078,144
9079,42
9080,350
9081,351
9082,352
9083,353
9084,422
9085,423
9086,424
9087,425
9088,92
9089,13
9090,4
9091,9
9092,11
9093,354
9094,355
9095,356
9096,16
9097,24
9098,83
9099,21
9100,144
9101,5
9102,188
9103,6
9104,84
9105,84
9106,14
9107,7
9108,93
9110,234
9111,235
9112,7
9113,236
9115,22
9116,37
9117,6
9118,357
9119,358
9120,10
9121,12
9122,359
9123,360
9124,145
9125,54
9126,8
9127,55
9128,56
9129,361
9130,36
9131,362
9132,57
9133,86
9134,43
9135,237
9136,40
9137,41
9138,42
9139,43
9140,169
9141,85
9142,85
9143,146
9144,211
9145,2
9146,7
9147,6
9148,363
9149,364
9150,365
9151,366
9152,87
9153,212
9154,170
9155,213
9156,214
9157,214
9158,213
9159,214
9160,215
9161,70
9162,70
9163,70
9164,216
9165,426
9166,367
9167,216
9168,88
9169,88
9170,90
9171,91
9172,92
9173,147
9174,37
9175,238
9176,58
9177,38
9178,23
9179,39
9180,40
9182,44
9183,171
9185,9
9186,189
9187,217
9188,218
9189,219
9190,220
9191,22
9192,368
9193,239
9194,239
9195,427
9196,369
9197,17
9198,24
9199,11
9200,21
9201,370
9202,371
9203,5
9204,217
9205,218
9206,25
9207,95
9208,96
9209,97
9210,98
9211,221
9212,71
9213,94
9214,25
9215,219
9216,26
9217,26
9218,241
9219,242
9220,222
9221,44
9222,44
9223,44
9224,190
9225,223
9227,1
9228,6
9229,145
9230,146
9231,147
9232,148
9233,149
9234,13
9235,18
9236,2
9237,2
9238,2
9239,2
9240,224
9241,191
9242,192
9243,21
9244,22
9245,243
9246,12
9247,244
9248,8
9249,150
9250,73
9252,26
9253,220
9254,225
9255,93
9256,19
9257,94
9258,85
9259,178
9260,226
9261,227
9262,428
9263,35
9264,228
9265,229
9266,87
9267,12
9268,13
9269,372
9270,373
9271,429
9272,193
9274,430
9275,431
9276,14
9277,19
9278,14
9279,179
9280,95
9281,17
9282,221
9283,88
9284,74
9285,180
9286,10
9287,1
9288,432
9289,129
9290,72
9291,72
9292,230
9293,89
9294,90
9295,231
9296,73
9297,172
9298,232
9299,20
9300,130
9301,91
9302,91
9303,4
9304,36
9305,74
9306,93
9307,93
9308,194
9309,194
9310,15
9311,95
9312,41
9313,96
9314,173
9315,97
9316,148
9317,98
9318,99
9319,38
9320,1
9321,1
9323,233
9324,151
9325,19
9326,374
9327,62
9328,22
9330,20
9331,152
9332,75
9333,56
9334,153
9335,234
9336,100
9337,101
9338,21
9339,75
9340,75
9341,75
9342,75
9343,75
9344,102
9345,235
9346,7
9347,236
9348,103
9349,103
9350,237
9351,80
9352,22
9353,42
9354,174
9355,174
9356,7
9357,8
9359,63
9360,105
9361,27
9362,131
9363,7
9364,23
9365,433
9366,238
9368,11
9369,23
9370,24
9371,18
9372,5
9373,6
9374,15
9376,7
9377,3
9378,196
9379,196
9380,196
9381,9
9382,375
9383,376
9384,377
9385,378
9386,239
9387,222
9388,240
9389,18
9390,245
9391,95
9392,8
9393,25
9394,25
9395,27
9396,43
9397,246
9398,241
9399,242
9401,1
9402,6
9403,81
9404,434
9405,223
9406,435
9407,1
9408,39
9409,247
9410,16
9411,181
9412,224
9413,379
9414,4
9415,436
9416,436
9417,2
9418,2
9419,2
9420,12
9421,28
9422,47
9423,3
9424,20
9425,57
9426,199
9427,200
9428,82
9429,132
9430,23
9431,67
9432,3
9433,5
9434,28
9435,438
9436,438
9437,438
9438,29
9439,13
9440,182
9441,44
9442,45
9443,243
9444,2
9445,86
9446,40
9447,225
9448,31
9449,64
9450,380
9451,244
9452,8
9453,226
9454,245
9455,381
9456,382
9457,248
9458,249
9459,133
9460,134
9461,30
9463,31
9464,3
9465,250
9466,251
9467,41
9468,42
9469,43
9470,441
9471,4
9472,10
9473,96
9474,96
9475,96
9476,38
9477,44
9478,45
9479,9
9480,39
9481,135
9482,383
9483,46
9485,32
9486,384
9487,149
9488,150
9489,33
9490,23
9491,24
9492,2
9494,11
9495,13
9496,34
9497,385
9498,176
9499,177
9500,178
9501,179
9502,180
9503,181
9504,182
9505,183
9506,227
9507,386
9508,442
9509,106
9510,228
9511,229
9512,246
9513,443
9514,151
9515,230
9516,231
9517,107
9518,99
9519,76
9520,76
9522,108
9523,108
9524,110
9525,111
9526,112
9527,83
9528,232
9529,387
9530,444
9531,445
9532,9
9533,100
9534,101
9535,102
9536,252
9537,1
9538,446
9539,2
9540,10
9541,11
9542,84
9543,46
9544,47
9545,16
9546,388
9547,389
9549,184
9550,184
9551,184
9552,187
9553,188
9554,189
9555,3
9556,4
9557,5
9558,6
9559,6
9560,19
9561,24
9562,447
9563,32
9564,21
9565,85
9566,33
9567,136
9568,21
9569,40
9570,40
9571,42
9572,42
9573,390
9574,391
9575,137
9576,44
9577,44
9578,247
9579,7
9580,8
9581,8
9582,10
9583,11
9584,12
9585,448
9586,13
9587,14
9588,248
9590,190
9591,190
9592,192
9593,193
9594,194
9595,15
9596,195
9597,16
9598,12
9599,47
9600,253
9601,254
9602,103
9603,104
9604,105
9605,154
9606,155
9607,12
9608,12
9609,12
9610,12
9611,12
9612,12
9613,12
9614,255
9615,17
9616,35
9617,36
9618,449
9619,37
9620,4
9621,87
9622,450
9623,249
9624,48
9625,152
9626,392
9627,393
9628,394
9629,113
9630,49
9631,50
9632,451
9633,451
9634,451
9635,72
9636,114
9637,47
9638,47
9639,51
9641,395
9642,256
9643,257
9644,3
9645,258
9646,52
9647,20
9648,38
9649,396
9650,397
9651,398
9652,399
9653,25
9654,400
9655,96
9656,401
9657,233
9658,250
9659,251
9660,5
9661,46
9662,46
9664,176
9665,234
9666,402
9667,235
9668,29
9669,39
9670,403
9671,48
9672,40
9673,45
9679,259
9680,6
9681,97
9683,1
9684,196
9685,196
9686,198
9687,199
9688,26
9689,27
9690,2
9691,138
9692,454
9693,19
9696,10
9697,24
9698,455
9699,7
9703,34
9705,35
9706,22
9708,106
9709,107
9710,78
9711,49
9712,21
9713,404
9715,1
9716,156
9717,156
9718,156
9719,156
9720,156
9721,156
9722,2
9723,3
9726,8
9728,50
9729,14
9730,4
9731,5
9732,6
9733,7
9734,11
9736,405
9737,14
9738,108
9740,1
9741,260
9742,261
9746,7
9747,139
9749,456
9750,456
9751,22
9752,8
9753,406
9754,200
9755,201
9756,202
9757,252
9758,46
9759,47
9760,48
9761,183
9762,184
9763,185
9764,30
9765,23
9766,86
9767,236
9768,236
9769,49
9770,238
9771,239
9773,458
9774,17
9775,1
9779,12
9780,9
9781,36
9783,50
9784,2
9785,3
9787,262
9788,51
9789,41
9790,52
9791,74
9793,53
9794,203
9795,204
9796,459
9797,10
9798,13
9801,28
9802,29
9803,14
9804,162
9807,6
9808,5
9809,4
9810,42
9811,43
9812,109
9813,205
9814,44
9815,110
9816,111
9817,87
9818,49
9820,407
9821,45
9822,206
9823,207
9824,79
9825,263
9826,37
9827,65
9828,46
9829,47
9830,66
9831,37
9832,38
9833,12
9834,15
9835,253
9836,253
9837,48
9838,25
9839,26
9840,23
9842,116
9843,117
9844,118
9845,264
9846,265
9847,266
9848,267
9849,163
9850,164
9851,177
9852,11
9853,178
9854,48
9855,179
9856,180
9857,180
9858,119
9859,49
9860,34
9861,34
9862,34
9863,34
9864,140
9865,12
9866,4
9867,268
9868,269
9870,80
9871,81
9872,141
9873,88
9874,186
9875,187
9876,6
9877,89
9878,28
9879,29
9880,82
9881,83
9882,30
9883,120
9884,121
9885,122
9888,84
9889,84
9890,84
9891,87
9892,90
9893,15
9894,408
9895,51
9897,31
9898,8
9899,15
9900,15
9901,91
9902,31
9903,5
9904,112
9905,13
9906,27
9907,123
9908,124
9909,270
9910,271
9911,255
9912,256
9913,125
9914,9
9915,460
9916,97
9917,24
9918,52
9919,92
9920,53
9921,93
9922,54
9923,409
9924,6
9925,98
9926,7
9927,257
9928,258
9929,410
9930,25
9931,188
9932,26
9933,20
9934,21
9935,50
9936,461
9937,462
9938,22
9939,463
9940,259
9941,142
9942,28
9943,8
9944,51
9945,153
9946,464
9947,465
9948,99
9949,52
9950,53
9951,12
9952,9
9953,53
9954,54
9955,54
9956,7
9957,7
9958,54
9959,100
9960,10
9961,101
9968,1
9969,1
9970,102
9974,201
9975,113
9976,114
9977,94
9978,1
9979,7
9980,55
9981,16
9987,411
9988,260
9989,261
9990,262
9991,263
9997,272
9998,273
9999,466
10000,48
10001,48
10002,264
10003,265
10004,13
10005,58
10006,55
10008,55
10009,56
10010,59
10011,57
10012,412
10013,58
10014,413
10015,414
10016,143
10017,415
10018,144
10019,13
10020,95
10021,467
10023,468
10024,469
10025,154
10029,416
10030,1
10032,59
10033,274
10034,103
10035,240
10036,241
10037,242
10038,104
10039,266
10040,266
10041,266
10042,417
10043,14
10044,418
10045,20
10046,155
10047,8
10048,419
10049,156
10050,420
10051,182
10052,421
10053,126
10054,183
10055,184
10056,17
10057,208
10058,209
10059,210
10060,18
10061,2
10062,14
10063,275
10064,17
10065,276
10066,19
10067,20
10068,21
10069,185
10070,186
10072,165
10073,165
10074,165
10075,168
10076,60
10077,157
10079,470
10080,56
10081,471
10082,187
10083,188
10084,57
10085,472
10086,473
10087,15
10088,158
10089,169
10090,159
10091,170
10092,160
10093,161
10094,171
10095,50
10096,15
10097,16
10098,56
10099,422
10100,22
10101,57
10102,3
10103,115
10104,1
10105,15
10108,423
10109,424
10110,425
10111,426
10112,18
10113,75
10114,88
10115,11
10116,61
10117,62
10118,63
10119,4
10120,474
10121,12
10122,13
10123,269
10124,269
10125,96
10126,89
10127,89
10128,89
10129,92
10130,64
10132,1
10133,88
10134,93
10135,23
10136,427
10137,475
10138,476
10139,476
10140,476
10141,476
10143,189
10144,23
10145,24
10146,16
10148,14
10149,5
10150,17
10151,39
10152,65
10153,67
10154,69
10155,69
10156,69
10157,69
10158,69
10159,69
10160,69
10161,69
10162,69
10163,69
10164,94
10165,66
10166,190
10167,9
10168,480
10169,1
10170,145
10171,51
10172,52
10173,191
10174,243
10175,244
10176,245
10177,95
10178,19
10179,271
10180,32
10181,58
10182,428
10183,192
10184,172
10185,173
10186,116
10187,97
10188,174
10190,26
10191,25
10192,18
10193,96
10194,481
10195,246
10196,247
10197,482
10198,248
10199,249
10200,429
10201,430
10202,431
10203,432
10204,483
10205,484
10206,59
10207,59
10208,59
10209,485
10210,20
10211,127
10212,67
10213,21
10214,24
10215,97
10216,27
10217,58
10218,58
10219,60
10220,60
10221,117
10222,117
10223,128
10224,25
10225,53
10226,129
10227,15
10228,21
10229,2
10230,486
10232,24
10234,487
10235,26
10236,98
10237,272
10238,250
10239,251
10240,252
10241,253
10242,54
10243,254
10244,255
10245,256
10246,257
10249,16
10250,62
10251,63
10257,62
10258,62
10259,273
10260,274
10261,175
10266,64
10267,64
10268,64
10269,162
10270,99
10271,146
10272,5
10273,258
10274,65
10275,66
10276,67
10277,22
10278,259
10279,17
10280,176
10281,433
10282,434
10283,98
10284,98
10285,98
10286,98
10287,435
10288,436
10289,55
10290,488
10291,27
10292,68
10293,69
10294,147
10295,148
10296,437
10297,438
10298,102
10299,439
10300,440
10301,489
10302,130
10303,131
10304,132
10305,275
10306,490
10307,491
10308,49
10309,19
10310,50
10311,276
10312,133
10313,5
10314,6
10315,18
10316,19
10317,134
10318,202
10319,492
10320,203
10321,20
10322,2
10323,23
10324,177
10325,178
10326,135
10327,21
10328,50
10329,100
10330,100
10331,102
10332,102
10333,51
10335,28
10336,74
10337,70
10338,71
10339,493
10340,22
10341,494
10342,20
10343,20
10344,20
10345,20
10346,20
10347,20
10348,4
10350,441
10351,495
10352,72
10353,72
10354,74
10355,74
10356,16
10357,149
10358,496
10359,89
10360,277
10361,278
10362,3
10363,10
10364,75
10365,51
10366,103
10367,103
10368,76
10369,150
10370,279
10371,280
10372,163
10373,1
10374,260
10375,261
10376,262
10377,263
10378,22
10379,8
10380,66
10381,2
10382,104
10383,104
10384,106
10385,106
10386,9
10387,497
10388,497
10389,497
10390,67
10391,67
10392,67
10393,281
10394,281
10395,500
10396,500
10397,502
10398,502
10399,1
10400,52
10401,211
10402,212
10403,213
10404,214
10405,193
10406,26
10407,179
10408,105
10409,106
10410,277
10411,107
10412,7
10413,204
10414,204
10415,204
10416,204
10417,204
10418,204
10419,204
10420,204
10421,151
10422,53
10423,108
10424,109
10425,136
10426,110
10427,105
10428,152
10429,10
10430,10
10431,32
10432,32
10433,8
10434,23
10435,23
10436,23
10437,278
10438,279
10439,442
10440,77
10441,33
10442,153
10443,137
10444,264
10445,265
10446,266
10447,76
10448,280
10449,281
10450,19
10451,22
10452,40
10453,18
10454,3
10455,138
10456,78
10457,79
10458,68
10459,20
10460,80
10461,443
10462,444
10463,444
10464,504
10465,504
10466,139
10467,19
10468,7
10469,282
10470,283
10471,54
10472,55
10473,20
10474,41
10475,42
10476,506
10477,507
10479,69
10480,70
10481,21
10482,22
10484,508
10485,140
10486,18
10487,446
10488,447
10489,43
10490,52
10491,21
10492,5
10493,5
10494,22
10495,23
10496,4
10497,194
10498,195
10499,60
10500,509
10501,61
10502,448
10503,449
10504,450
10505,451
10506,24
10507,215
10508,216
10509,4
10510,217
10511,5
10512,452
10513,141
10514,108
10515,142
10516,109
10517,29
10518,8
10519,56
10520,9
10521,10
10522,143
10523,144
10524,55
10525,510
10526,2
10527,11
10529,12
10530,25
10531,10
10532,25
10533,44
10534,1
10535,2
10536,34
10537,3
10538,3
10539,5
10540,6
10541,110
10542,111
10543,112
10544,145
10545,45
10546,154
10547,155
10548,7
10549,11
10550,26
10551,56
10552,70
10553,27
10554,71
10555,12
10556,196
10557,196
10560,111
10561,283
10562,283
10563,283
10564,1
10565,2
10566,112
10567,113
10568,114
10570,28
10571,29
10572,30
10573,31
10574,32
10575,33
10576,34
10577,35
10578,36
10579,23
10580,37
10581,286
10582,57
10583,287
10584,119
10585,113
10586,6
10587,38
10588,13
10589,8
10590,8
10591,8
10592,71
10593,165
10594,146
10595,9
10596,511
10597,511
10598,147
10599,148
10600,284
10601,149
10602,24
10603,48
10604,288
10605,289
10606,24
10607,25
10608,26
10609,290
10610,291
10611,150
10612,151
10613,58
10614,72
10615,72
10616,59
10617,11
10618,11
10619,11
10620,11
10621,39
10622,152
10624,40
10625,153
10627,513
10630,514
10631,514
10632,292
10633,293
10634,154
10635,27
10636,294
10637,295
10638,41
10639,81
10640,42
10641,73
10642,43
10644,60
10645,296
10646,189
10647,297
10648,82
10651,155
10652,61
10653,180
10654,181
10655,28
10656,156
10657,157
10658,298
10659,44
10660,45
10661,299
10662,46
10663,47
10664,28
10665,48
10668,49
10669,59
10670,29
10671,300
10672,301
10673,115
10674,516
10675,516
10676,106
10677,164
10678,4
10679,4
10680,4
10681,25
10682,62
10683,63
10684,116
10685,13
10686,50
10687,51
10688,52
10689,53
10690,54
10691,117
10692,118
10693,10
10694,119
10695,120
10696,121
10697,13
10698,518
10699,519
10700,122
10702,1
10703,123
10704,124
10705,2
10706,26
10708,73
10709,73
10710,30
10711,30
10712,31
10713,182
10714,182
10715,182
10716,182
10717,182
10718,32
10719,14
10720,15
10721,83
10722,84
10723,16
10724,187
10725,33
10726,156
10727,165
10728,53
10729,15
10730,54
10731,188
10732,188
10733,520
10734,521
10735,7
10736,302
10737,303
10738,157
10739,34
10740,190
10741,190
10742,285
10743,7
10744,85
10745,190
10746,191
10747,86
10748,35
10749,87
10750,3
10751,522
10752,523
10753,27
10754,16
10755,25
10756,8
10757,8
10758,120
10759,120
10760,120
10761,120
10762,120
10763,120
10764,120
10765,120
10766,120
10767,120
10768,130
10769,131
10770,304
10771,305
10772,524
10773,524
10774,526
10775,526
10776,28
10777,36
10778,29
10779,114
10780,114
10781,116
10782,116
10783,1
10784,30
10785,37
10786,55
10787,38
10788,38
10791,39
10792,218
10793,218
10795,220
10796,221
10797,2
10798,39
10799,40
10801,68
10802,528
10803,35
10804,529
10805,26
10806,55
10807,56
10808,41
10809,3
10810,17
10811,18
10812,14
10813,3
10814,192
10815,192
10816,9
10817,198
10818,27
10819,194
10820,194
10821,196
10822,10
10823,56
10824,17
10825,64
10827,29
10828,9
10829,306
10830,307
10831,69
10832,26
10833,40
10834,40
10835,40
10836,40
10837,40
10838,530
10839,1
10840,2
10841,74
10842,11
10843,118
10844,119
10845,57
10846,58
10847,19
10848,59
10849,75
10850,60
10851,76
10852,61
10853,62
10854,63
10855,115
10856,115
10857,57
10858,58
10859,59
10860,64
10861,166
10862,65
10863,66
10864,453
10865,31
10866,222
10867,158
10868,20
10869,159
10870,98
10872,267
10873,268
10874,531
10875,532
10876,454
10877,455
10878,456
10879,192
10880,533
10881,286
10882,457
10883,14
10884,458
10885,459
10886,77
10887,55
10889,56
10890,460
10891,21
10892,166
10893,16
10894,534
10895,535
10896,160
10897,287
10898,288
10899,308
10900,309
10901,161
10902,18
10903,18
10904,162
10905,461
10906,462
10907,463
10908,20
10909,21
10910,21
10911,464
10912,30
10913,163
10914,117
10915,32
10916,22
10917,67
10918,536
10919,78
10920,42
10921,23
10922,167
10923,27
10924,168
10925,537
10926,118
10927,118
10929,269
10930,270
10931,12
10932,538
10933,88
10934,89
10935,79
10936,125
10937,164
10938,165
10939,271
10940,68
10941,69
10942,197
10943,198
10944,126
10945,12
10946,120
10947,90
10948,91
10949,465
10950,466
10951,34
10952,35
10953,13
10954,467
10955,468
10956,17
10957,92
10958,469
10959,470
10963,45
10964,45
10965,45
10966,45
10967,45
10968,45
10969,45
10970,45
10971,45
10972,45
10973,45
10974,45
10975,45
10976,45
10977,45
10978,45
10979,45
10980,45
10981,45
10982,45
10983,45
10984,45
10985,45
10986,45
10987,45
10988,45
10989,43
10990,539
10991,471
10992,472
10993,70
10994,272
10995,273
10996,107
10997,120
10998,274
10999,275
11000,1
11001,13
11002,223
11003,224
11004,310
11005,311
11006,14
11007,225
11008,226
11009,227
11010,228
11011,15
11012,167
11013,27
11015,93
11016,94
11017,24
11018,473
11019,474
11020,168
11021,475
11022,476
11023,477
11024,478
11025,36
11026,71
11027,72
11028,479
11029,480
11030,23
11031,90
11032,91
11033,481
11034,482
11035,33
11036,483
11037,484
11038,485
11039,108
11040,34
11041,73
11042,25
11043,486
11044,74
11045,540
11046,540
11047,542
11048,542
11049,75
11050,289
11051,127
11052,121
11053,199
11054,76
11055,128
11056,487
11057,488
11058,276
11059,277
11060,95
11061,75
11062,278
11063,279
11064,280
11065,122
11066,281
11067,282
11068,169
11069,109
11070,109
11071,109
11072,489
11073,490
11074,491
11075,169
11076,492
11077,62
11078,129
11079,130
11080,131
11081,121
11082,170
11083,290
11084,291
11085,122
11086,292
11087,293
11088,12
11089,12
11090,12
11091,71
11092,200
11093,200
11094,200
11095,200
11096,77
11097,132
11098,294
11099,46
11100,76
11101,77
11102,1
11103,47
11105,1
11106,2
11107,78
11108,283
11109,80
11110,63
11111,64
11112,284
11113,285
11117,65
11120,60
11122,123
11123,124
11125,92
11126,92
11127,94
11128,94
11129,493
11130,494
11131,81
11132,544
11133,286
11134,287
11135,26
11136,495
11137,288
11138,289
11139,96
11140,97
11141,27
11142,133
11143,496
11144,497
11145,498
11146,23
11147,112
11148,170
11149,499
11150,500
11151,171
11152,229
11154,134
11155,1
11157,66
11158,27
11159,172
11160,31
11161,36
11162,501
11163,502
11164,503
11165,504
11166,505
11167,173
11168,230
11169,231
11170,166
11173,232
11174,545
11175,545
11176,547
11177,167
11178,548
11179,96
11180,26
11181,27
11182,67
11185,506
11186,506
11187,3
11188,508
11189,78
11190,97
11191,79
11192,1
11193,98
11194,99
11195,549
11196,233
11197,234
11198,15
11200,3
11201,68
11202,80
11203,69
11204,135
11206,136
11207,137
11208,138
11209,15
11210,139
11211,140
11212,141
11213,4
11214,550
11215,550
11216,16
11217,142
11218,57
11219,235
11220,70
11221,81
11222,16
11223,236
11224,237
11225,1
11226,1
11227,238
11228,239
11229,28
11230,240
11231,241
11232,242
11233,82
11234,83
11235,84
11236,85
11237,86
11238,87
11239,88
11240,89
11241,90
11242,91
11243,92
11244,93
11245,94
11246,95
11247,58
11248,96
11249,2
11253,71
11255,18
11256,1
11257,60
11258,290
11259,291
11260,3
11261,72
11262,28
11263,28
11264,5
11265,3
11266,65
11267,66
11268,11
11269,29
11270,199
11271,97
11272,243
11273,243
11274,243
11275,246
11276,247
11277,248
11278,5
11279,2
11280,6
11281,61
11282,143
11283,174
11285,98
11286,59
11287,99
11288,100
11289,101
11290,30
11292,102
11293,249
11294,4
11295,4
11296,125
11297,103
11298,104
11299,105
11300,292
11301,73
11302,74
11303,75
11304,106
11305,76
11306,77
11307,107
11308,108
11309,109
11310,19
11311,110
11312,111
11313,250
11314,250
11315,79
11316,79
11317,81
11318,82
11319,112
11320,83
11321,83
11322,113
11323,114
11324,115
11325,116
11326,200
11327,200
11328,17
11329,117
11330,32
11331,118
11332,3
11333,6
11335,4
11336,31
11338,1
11339,119
11340,509
11342,33
11343,33
11344,552
11345,55
11346,4
11347,2
11348,2
11349,32
11350,510
11351,3
11352,126
11353,127
11354,120
11355,121
11356,122
11357,123
11358,124
11359,125
11360,126
11361,511
11362,512
11363,127
11364,128
11365,129
11366,130
11367,131
11368,132
11369,133
11370,134
11371,135
11372,136
11373,5
11374,7
11375,137
11378,113
11379,33
11380,37
11381,513
11382,514
11383,35
11384,193
11385,194
11386,8
11387,553
11388,4
11389,24
11390,5
11391,25
11393,138
11394,554
11395,554
11396,554
11397,34
11398,5
11400,515
11401,6
11402,6
11403,6
11404,516
11405,2
11406,36
11407,37
11408,18
11409,7
11410,9
11411,114
11412,6
11413,35
11414,128
11415,129
11416,3
11417,3
11418,3
11419,517
11420,6
11421,38
11423,2
11424,557
11425,558
11426,175
11428,199
11430,139
11431,140
11432,141
11433,142
11434,295
11435,144
11436,143
11437,144
11438,145
11439,146
11441,1
11442,147
11443,168
11444,148
11445,149
11446,150
11447,518
11449,169
11450,6
11451,20
11452,1
11453,151
11454,200
11455,57
11456,72
11457,519
11459,520
11460,521
11464,12
11465,13
11466,62
11467,9
11468,130
11469,131
11470,152
11471,293
11472,294
11473,99
11474,99
11475,100
11476,153
11477,154
11478,155
11479,79
11480,78
11481,115
11482,36
11483,19
11484,37
11485,7
11487,22
11488,22
11489,132
11490,132
11491,312
11492,156
11493,313
11494,145
11495,6
11496,39
11497,204
11498,205
11499,116
11501,73
11502,9
11504,1
11505,1
11506,1
11507,1
11508,1
11509,1
11510,522
11511,523
11512,10
11513,134
11515,195
11516,1
11518,314
11519,315
11520,316
11521,317
11522,48
11523,2
11524,49
11525,10
11526,20
11527,26
11528,252
11529,27
11530,11
11531,21
11532,117
11533,38
11534,7
11535,7
11536,7
11537,7
11538,7
11539,7
11540,7
11541,7
11542,135
11543,15
11544,21
11546,157
11547,158
11548,118
11549,318
11550,319
11551,3
11552,67
11553,12
11554,1
11556,60
11557,159
11558,1
11559,80
11560,80
11562,2
11563,28
11564,160
11565,201
11566,13
11567,119
11568,37
11569,38
11570,524
11571,525
11575,3
11576,4
11577,22
11578,61
11579,16
11581,35
11582,161
11583,17
11584,18
11585,19
11586,20
11587,526
11588,21
11589,22
11590,23
11591,196
11592,197
11593,162
11594,31
11595,79
11596,5
11597,39
11598,23
11599,8
11600,120
11601,202
11602,1
11603,1
11604,1
11605,1
11606,121
11607,121
11608,14
11609,7
11610,527
11611,528
11612,82
11613,82
11614,17
11615,163
11616,40
11617,40
11618,40
11619,40
11620,24
11621,36
11622,50
11623,529
11624,530
11625,25
11626,198
11627,136
11628,123
11629,15
11630,164
11631,44
11632,45
11633,45
11634,296
11635,297
11636,1
11637,9
11638,16
11639,165
11640,166
11641,531
11642,37
11643,167
11644,168
11645,298
11646,299
11648,80
11649,51
11650,40
11651,6
11652,137
11653,532
11654,47
11655,32
11656,24
11657,25
11658,26
11659,27
11660,62
11661,101
11662,41
11663,44
11664,124
11665,533
11666,534
11667,28
11668,169
11669,29
11670,30
11671,31
11672,203
11673,170
11674,204
11675,205
11676,205
11677,171
11678,17
11679,535
11680,536
11681,7
11682,18
11683,125
11684,125
11685,172
11687,173
11688,174
11689,28
11690,175
11692,127
11694,176
11695,74
11696,42
11697,102
11698,559
11699,559
11700,537
11701,39
11702,177
11703,538
11704,539
11705,128
11706,103
11707,43
11708,29
11709,30
11710,31
11711,32
11712,178
11713,179
11714,180
11715,129
11716,2
11717,3
11718,130
11719,181
11720,182
11721,183
11722,561
11723,104
11724,105
11726,540
11727,541
11728,84
11729,8
11730,4
11731,44
11734,131
11735,22
11736,23
11737,253
11738,254
11739,255
11740,3
11741,184
11742,185
11745,99
11746,176
11747,186
11748,187
11749,106
11750,188
11751,85
11752,562
11753,563
11754,48
11755,189
11756,32
11757,107
11758,7
11759,190
11760,52
11761,52
11762,4
11763,132
11764,542
11765,138
11766,139
11767,61
11768,191
11769,564
11771,62
11772,543
11773,177
11774,192
11775,19
11776,206
11777,207
11778,75
11779,75
11780,75
11781,75
11782,75
11783,170
11784,20
11785,21
11786,133
11788,1
11789,40
11790,9
11791,320
11792,54
11793,73
11794,193
11796,38
11797,49
11799,50
11800,39
11801,146
11802,24
11803,25
11804,207
11805,33
11806,22
11807,45
11808,23
11809,33
11810,34
11811,35
11812,300
11813,74
11814,85
11815,86
11816,86
11817,10
11818,88
11819,89
11820,55
11821,55
11822,7
11823,208
11824,256
11825,90
11826,8
11827,1
11828,544
11829,1
11830,24
11831,171
11832,172
11833,545
11834,565
11835,134
11836,194
11837,58
11838,59
11839,68
11840,46
11841,5
11842,2
11843,135
11844,566
11845,34
11846,295
11847,546
11848,136
11849,296
11850,208
11851,208
11852,208
11853,208
11854,47
11855,195
11856,212
11857,10
11858,173
11859,196
11860,197
11861,198
11862,51
11863,199
11864,200
11865,8
11866,171
11867,25
11868,86
11869,35
11870,36
11871,547
11872,199
11873,201
11874,548
11875,549
11876,30
11877,31
11878,550
11879,551
11880,137
11881,6
11882,202
11883,552
11884,553
11885,257
11889,203
11890,204
11891,91
11892,205
11893,297
11894,206
11895,207
11897,1
11898,567
11899,48
11901,29
11902,60
11903,60
11904,60
11905,213
11906,212
11907,212
11908,212
11909,200
11910,8
11911,8
11912,80
11913,141
11914,178
11915,11
11916,138
11917,208
11918,209
11919,210
11920,211
11921,212
11922,213
11923,214
11924,215
11925,37
11926,26
11927,321
11928,139
11929,216
11930,217
11931,218
11932,219
11933,220
11934,322
11935,140
11936,141
11937,172
11938,221
11939,222
11940,223
11941,224
11942,38
11943,554
11944,142
11945,555
11946,556
11947,9
11948,32
11949,33
11950,225
11951,49
11952,63
11953,226
11954,10
11955,227
11956,228
11957,26
11958,301
11959,143
11960,5
11961,144
11962,34
11963,145
11964,229
11965,230
11966,231
11967,232
11968,233
11969,568
11970,146
11971,234
11972,147
11973,179
11974,63
11975,63
11976,63
11977,557
11978,558
11979,77
11980,39
11981,40
11982,35
11983,148
11984,12
11985,559
11986,149
11987,560
11988,100
11989,235
11990,236
11991,237
11992,41
11993,323
11995,238
11996,22
11997,239
11998,240
11999,241
12000,242
12001,243
12002,27
12003,561
12004,562
12005,13
12006,563
12007,28
12008,14
12009,564
12011,57
12012,42
12013,1
12014,324
12015,43
12016,15
12017,16
12018,150
12019,50
12020,180
12021,27
12022,29
12023,151
12024,173
12025,325
12026,209
12027,210
12028,211
12029,212
12030,213
12031,30
12032,214
12033,17
12034,181
12035,215
12036,28
12037,216
12038,51
12039,78
12040,244
12041,245
12042,11
12043,152
12045,2
12046,18
12047,101
12048,217
12049,69
12050,8
12051,218
12052,565
12053,19
12054,569
12055,153
12056,38
12057,246
12058,58
12059,219
12060,219
12061,7
12062,566
12063,20
12064,567
12065,568
12066,302
12067,569
12068,8
12069,21
12070,45
12071,303
12072,52
12073,215
12074,3
12075,44
12076,22
12077,5
12078,247
12079,248
12080,4
12081,23
12082,12
12083,12
12084,98
12085,5
12086,45
12087,570
12088,571
12089,70
12090,304
12091,5
12092,182
12093,24
12094,92
12095,249
12096,46
12097,250
12098,25
12099,214
12100,26
12101,31
12104,154
12105,47
12106,326
12107,27
12108,24
12109,28
12110,53
12111,327
12112,29
12113,328
12114,155
12115,251
12116,252
12118,30
12119,221
12120,221
12121,32
12122,183
12123,253
12124,254
12125,31
12126,36
12127,37
12128,38
12129,32
12130,33
12132,215
12133,156
12134,6
12135,255
12136,4
12137,256
12138,39
12139,257
12140,40
12141,41
12142,572
12143,48
12144,49
12145,33
12146,258
12147,34
12148,1
12150,1
12151,10
12152,157
12153,184
12154,9
12155,36
12156,570
12157,570
12158,56
12159,147
12160,2
12161,158
12162,35
12163,36
12164,3
12165,148
12166,93
12167,37
12168,75
12169,38
12171,223
12177,305
12179,159
12180,159
12183,57
12184,161
12185,185
12186,202
12187,202
12188,224
12189,224
12190,224
12191,224
12193,162
12194,29
12195,30
12199,21
12200,259
12203,39
12204,40
12205,54
12206,41
12207,50
12208,42
12209,7
12210,14
12211,228
12213,30
12214,163
12215,229
12216,298
12217,43
12218,37
12219,573
12225,38
12226,44
12227,7
12228,45
12229,46
12230,47
12231,58
12232,48
12233,59
12235,60
12236,306
12237,31
12238,8
12239,174
12240,9
12241,32
12242,186
12243,39
12244,11
12245,11
12246,13
12247,572
12248,40
12249,49
12250,14
12251,14
12253,9
12254,50
12255,16
12256,41
12257,187
12258,164
12259,51
12260,51
12261,23
12262,10
12264,230
12265,52
12266,574
12267,17
12268,18
12269,573
12271,52
12272,53
12273,14
12274,54
12275,15
12276,16
12277,17
12278,165
12279,166
12280,167
12281,575
12282,575
12283,577
12285,578
12286,168
12287,574
12288,579
12289,201
12290,575
12291,19
12292,4
12293,299
12294,63
12295,55
12296,10
12297,169
12298,24
12299,25
12300,56
12301,20
12302,42
12303,21
12304,300
12305,301
12306,55
12307,40
12308,59
12309,188
12310,57
12311,3
12312,53
12313,81
12314,81
12316,56
12317,57
12318,61
12319,1
12320,58
12321,54
12322,54
12323,59
12324,56
12325,1
12327,60
12328,307
12329,61
12330,58
12331,62
12332,170
12333,171
12334,57
12335,15
12336,202
12337,231
12338,231
12339,231
12340,231
12341,231
12342,22
12343,1
12344,1
12345,1
12346,1
12347,1
12348,1
12349,1
12350,1
12351,1
12352,2
12353,63
12354,64
12356,308
12357,62
12358,65
12359,66
12360,67
12361,33
12364,580
12365,4
12366,581
12367,68
12368,83
12369,69
12370,70
12371,309
12372,63
12373,71
12374,172
12375,172
12376,172
12377,216
12378,72
12379,10
12380,71
12381,43
12382,582
12383,583
12384,576
12385,10
12386,16
12387,175
12388,17
12389,577
12390,73
12392,584
12393,585
12394,302
12395,74
12396,75
12397,58
12398,204
12399,1
12400,59
12401,11
12402,140
12403,586
12404,3
12405,23
12406,587
12407,5
12409,588
12410,589
12411,4
12412,5
12413,6
12414,590
12415,76
12416,77
12417,78
12418,79
12419,80
12420,81
12421,82
12422,176
12423,176
12424,578
12425,11
12426,591
12427,24
12428,11
12429,83
12430,84
12431,5
12432,6
12433,85
12434,303
12435,2
12437,205
12438,205
12439,205
12440,205
12441,205
12442,205
12443,205
12444,205
12445,205
12446,205
12447,60
12448,61
12449,28
12450,44
12451,215
12452,215
12453,215
12454,11
12455,9
12456,592
12457,79
12458,593
12459,310
12460,311
12461,594
12462,189
12463,15
12464,1
12465,64
12466,2
12467,175
12468,65
12469,34
12470,86
12471,87
12472,17
12473,236
12474,12
12475,7
12476,66
12477,13
12478,13
12479,13
12480,13
12481,13
12482,13
12483,13
12484,13
12485,13
12486,13
12487,13
12488,13
12489,62
12490,42
12491,101
12492,63
12493,149
12494,8
12496,43
12497,44
12498,45
12499,64
12500,65
12501,46
12502,88
12503,108
12504,76
12505,67
12506,9
12507,22
12508,59
12509,176
12510,190
12511,595
12512,10
12513,12
12515,596
12516,94
12519,3
12520,66
12522,68
12524,178
12525,178
12526,178
12527,191
12528,237
12558,7
12839,7
12948,9
12949,1
12950,238
12951,2
12952,16
12958,89
12959,90
12960,4
12961,35
12962,91
12963,10
12964,3
12965,597
12966,598
12967,102
12968,579
12969,67
12970,60
12971,68
12972,69
12973,70
12974,71
12977,92
12978,93
12979,192
12980,181
12981,599
12983,217
12984,174
12985,26
12986,304
12987,305
12988,182
12989,239
12990,103
12991,103
12992,103
12993,103
12994,103
12995,103
12996,103
12997,103
12998,103
12999,103
13000,103
13001,103
13002,103
13003,103
13004,103
13005,103
13006,103
13007,103
13008,103
13009,103
13010,103
13011,103
13012,103
13013,240
13014,218
13015,600
13016,601
13017,12
13018,602
13019,603
13020,87
13021,94
13022,95
13023,96
13024,604
13025,605
13026,97
13027,98
13028,99
13029,23
13030,6
13031,69
13035,241
13036,242
13037,61
13038,100
13039,101
13040,4
13041,126
13047,88
13048,109
13049,72
13050,72
13054,193
13055,102
13056,103
13057,74
13058,1
13059,75
13060,104
13061,76
13062,7
13063,105
13064,106
13065,177
13066,107
13067,64
13068,65
13069,66
13070,47
13071,48
13072,49
13073,50
13074,51
13075,52
13076,53
13077,54
13078,2
13079,3
13080,70
13081,312
13082,313
13083,77
13084,71
13085,71
13086,62
13087,108
13088,109
13089,89
13090,31
13091,183
13092,183
13093,183
13094,183
13095,183
13096,183
13097,183
13098,183
13099,183
13100,183
13101,72
13102,203
13103,25
13104,606
13105,218
13106,218
13107,110
13108,194
13111,580
13112,78
13113,306
13114,306
13115,306
13117,309
13118,309
13119,111
13120,607
13121,608
13122,311
13123,312
13124,178
13125,314
13126,315
13127,79
13128,112
13129,113
13130,39
13131,18
13132,84
13133,609
13134,8
13135,610
13136,611
13137,80
13138,81
13139,85
13140,114
13141,115
13142,116
13143,117
13144,118
13145,119
13146,120
13147,36
13148,13
13149,612
13150,581
13151,193
13152,19
13153,313
13154,20
13155,314
13156,613
13157,582
13158,220
13159,583
13160,121
13161,122
13162,123
13163,124
13164,195
13165,63
13166,40
13167,194
13168,614
13169,615
13170,616
13171,617
13172,73
13173,67
13174,9
13175,584
13176,584
13177,11
13178,9
13179,315
13180,316
13181,317
13182,318
13183,319
13184,320
13185,243
13186,125
13187,126
13188,127
13189,128
13190,129
13191,130
13192,131
13193,132
13194,133
13195,134
13196,135
13197,219
13198,136
13199,137
13200,138
13201,139
13202,244
13203,244
13204,82
13205,83
13206,246
13207,150
13208,90
13209,91
13210,91
13211,91
13212,95
13213,24
13214,140
13215,142
13216,141
13217,618
13218,619
13219,620
13220,620
13221,622
13222,623
13223,55
13224,56
13226,142
13227,94
13228,94
13229,94
13230,94
13231,94
13232,94
13233,151
13234,143
13235,144
13236,145
13237,146
13238,220
13239,221
13240,26
13241,624
13242,625
13243,626
13244,627
13245,628
13246,12
13247,27
13248,147
13249,258
13250,258
13251,258
13252,57
13253,58
13254,59
13255,60
13256,148
13257,149
13258,28
13259,150
13260,586
13261,587
13262,151
13263,152
13264,153
13265,154
13266,221
13267,155
13268,10
13269,588
13270,589
13271,13
13272,629
13273,321
13274,322
13275,323
13276,324
13277,25
13278,26
13279,630
13280,5
13281,14
13282,156
13283,157
13284,158
13285,159
13286,100
13287,100
13289,21
13291,160
13292,161
13293,195
13295,196
13296,2
13297,86
13298,197
13299,325
13300,1
13301,84
13302,261
13303,261
13304,25
13305,222
13306,3
13307,11
13308,12
13309,4
13311,316
13312,87
13313,326
13314,327
13315,73
13316,25
13317,25
13318,25
13319,590
13320,25
13321,6
13323,328
13324,329
13325,591
13327,330
13328,85
13329,162
13330,7
13331,8
13332,1
13333,163
13334,127
13335,9
13336,10
13337,70
13339,152
13340,152
13341,152
13342,152
13343,223
13344,224
13345,61
13346,62
13347,63
13348,64
13352,317
13353,2
13356,225
13357,225
13358,225
13359,228
13360,228
13361,228
13362,228
13363,232
13364,102
13365,102
13366,102
13367,102
13368,99
13369,28
13370,631
13371,29
13372,196
13373,632
13374,633
13375,634
13376,592
13377,593
13378,635
13379,331
13380,29
13381,594
13382,594
13383,11
13384,12
13385,13
13386,332
13387,1
13389,636
13390,637
13391,596
13392,164
13393,22
13394,165
13395,166
13396,100
13397,101
13398,106
13399,597
13400,598
13401,64
13402,233
13403,198
13404,198
13405,198
13406,198
13407,198
13408,198
13409,198
13410,175
13411,23
13412,638
13413,141
13414,639
13420,640
13421,333
13422,641
13423,642
13424,334
13425,599
13426,599
13427,86
13428,335
13429,5
13430,5
13431,5
13432,5
13433,336
13434,102
13435,205
13436,3
13437,11
13438,197
13439,337
13440,338
13441,339
13442,26
13443,14
13444,9
13445,206
13446,207
13447,12
13448,81
13449,340
13450,341
13451,643
13452,30
13453,87
13454,15
13455,16
13456,176
13457,17
13458,601
13459,18
13460,19
13461,20
13462,167
13463,168
13464,80
13465,318
13466,319
13467,88
13470,198
13471,156
13472,18
13473,234
13474,234
13475,15
13476,208
13477,208
13478,74
13479,222
13480,210
13481,24
13482,644
13483,30
13484,89
13485,602
13486,603
13487,236
13488,320
13489,21
13490,342
13491,13
13492,343
13493,169
13494,22
13495,23
13496,24
13497,645
13498,25
13499,26
13500,90
13501,88
13502,170
13503,103
13504,103
13505,171
13506,172
13507,173
13508,604
13509,16
13510,27
13511,28
13512,29
13513,30
13514,27
13516,27
13517,263
13518,174
13519,175
13520,237
13521,176
13522,91
13523,344
13524,199
13525,177
13526,64
13527,646
13528,2
13529,345
13530,346
13531,74
13532,605
13533,606
13534,31
13535,321
13536,65
13537,66
13538,329
13539,6
13540,32
13541,7
13542,7
13543,33
13544,34
13545,25
13546,31
13547,647
13548,35
13549,36
13550,65
13552,264
13553,264
13554,264
13555,264
13556,264
13557,264
13558,264
13559,264
13560,264
13562,200
13563,81
13564,37
13565,177
13566,38
13567,39
13568,17
13569,40
13570,178
13571,179
13572,180
13573,4
13574,178
13576,179
13578,273
13579,274
13580,275
13581,18
13582,322
13583,323
13584,157
13585,238
13586,239
13587,240
13588,240
13589,242
13590,242
13592,181
13593,182
13594,183
13595,223
13596,12
13597,105
13598,158
13599,184
13600,110
13601,111
13602,159
13603,112
13604,113
13605,5
13606,114
13607,115
13608,41
13609,116
13610,185
13611,186
13612,6
13614,187
13615,188
13616,189
13617,347
13618,324
13619,325
13620,190
13621,191
13622,192
13623,211
13624,66
13625,67
13626,68
13627,247
13628,248
13630,180
13631,142
13632,193
13633,244
13634,245
13635,246
13636,247
13637,194
13638,195
13639,7
13640,96
13641,1
13642,196
13643,197
13644,181
13645,97
13646,5
13647,6
13648,29
13649,7
13650,8
13651,9
13652,98
13653,1
13654,198
13655,198
13656,326
13657,2
13658,99
13659,107
13660,107
13661,107
13662,200
13663,201
13664,10
13665,160
13666,202
13667,100
13668,92
13669,101
13670,248
13671,248
13672,3
13673,203
13675,224
13676,250
13677,204
13678,205
13679,206
13680,117
13681,327
13682,118
13683,225
13684,226
13685,41
13686,251
13687,252
13688,253
13689,207
13690,208
13691,93
13692,209
13693,210
13694,254
13695,255
13696,256
13697,257
13698,328
13699,329
13700,211
13701,13
13702,161
13703,162
13704,42
13705,182
13706,183
13707,330
13708,331
13710,332
13711,333
13712,334
13713,212
13715,75
13716,75
13717,5
13718,6
13719,11
13720,184
13721,185
13723,335
13724,336
13725,337
13727,28
13728,227
13729,228
13730,143
13732,30
13733,648
13735,213
13736,214
13737,215
13738,649
13739,650
13740,8
13741,276
13742,277
13743,651
13744,652
13745,7
13746,653
13747,654
13748,186
13749,187
13750,188
13751,188
13752,190
13753,338
13754,339
13755,1
13756,69
13757,70
13758,71
13759,229
13760,340
13761,77
13762,249
13763,1
13764,348
13765,8
13766,349
13767,350
13768,350
13769,352
13770,655
13771,191
13772,192
13773,656
13774,353
13775,354
13776,341
13778,342
13779,110
13781,355
13782,343
13783,119
13784,120
13785,9
13786,9
13787,212
13788,657
13789,658
13790,659
13791,660
13792,661
13793,662
13794,9
13795,14
13796,278
13797,279
13798,280
13799,281
13800,282
13801,663
13802,216
13804,607
13805,193
13806,78
13807,111
13808,1
13809,1
13810,608
13811,10
13812,664
13813,1
13814,1
13815,1
13816,1
13817,665
13818,666
13819,667
13820,668
13821,1
13822,5
13823,5
13824,5
13825,5
13826,5
13827,5
13828,5
13829,5
13830,5
13831,5
13832,2
13833,669
13834,670
13835,356
13836,79
13837,357
13838,358
13839,359
13840,359
13841,671
13842,258
13843,259
13844,42
13847,260
13848,261
13849,261
13851,112
13852,112
13853,114
13855,213
13856,214
13857,201
13858,201
13859,2
13860,215
13861,65
13862,672
13863,673
13864,1
13865,94
13866,95
13867,2
13868,15
13869,15
13870,609
13871,610
13872,41
13873,361
13874,674
13875,675
13876,250
13877,362
13878,115
13879,116
13880,2
13881,2
13882,230
13883,231
13884,611
13885,612
13886,363
13887,17
13888,17
13889,17
13890,17
13891,17
13892,17
13893,17
13894,17
13895,17
13896,17
13897,17
13898,17
13899,45
13900,1
13901,676
13902,67
13903,677
13904,678
13905,679
13906,43
13907,194
13908,44
13909,195
13910,263
13911,263
13912,71
13913,613
13914,614
13915,217
13916,218
13917,216
13918,117
13919,232
13920,75
13921,283
13922,284
13923,285
13924,286
13925,287
13926,29
13927,29
13928,80
13929,30
13930,680
13931,681
13932,81
13933,682
13934,615
13935,616
13936,364
13937,365
13938,683
13939,45
13940,684
13941,685
13942,46
13943,617
13944,618
13945,4
13946,330
13947,30
13948,82
13949,83
13950,31
13951,32
13952,251
13953,288
13954,289
13955,290
13956,291
13957,18
13958,366
13959,219
13960,46
13961,47
13962,48
13963,367
13964,368
13965,369
13966,49
13967,50
13968,51
13969,52
13970,72
13971,53
13972,54
13973,265
13974,266
13975,2
13977,73
13978,3
13979,4
13980,5
13981,60
13982,344
13983,3
13984,5
13985,12
13986,12
13987,4
13988,84
13989,85
13990,86
13991,87
13992,31
13993,686
13994,619
13995,620
13996,620
13997,620
13998,623
13999,252
14000,624
14001,625
14002,626
14008,627
14009,687
14010,19
14011,20
14012,204
14013,628
14014,21
14015,203
14016,205
14017,688
14018,10
14019,76
14020,629
14021,22
14022,6
14023,220
14024,221
14025,7
14026,370
14027,8
14028,292
14029,19
14030,14
14031,216
14032,253
14033,254
14034,255
14035,222
14036,56
14037,223
14038,224
14039,15
14040,630
14041,47
14042,47
14043,47
14044,689
14045,690
14046,691
14047,692
14048,57
14049,693
14050,106
14051,106
14052,106
14053,106
14054,694
14055,33
14056,3
14057,695
14058,696
14059,631
14064,256
14065,256
14066,20
14071,4
14072,632
14073,21
14074,23
14075,217
14078,9
14079,697
14080,698
14081,699
14082,700
14083,701
14084,37
14085,702
14086,703
14087,704
14088,705
14089,206
14090,207
14091,66
14092,72
14093,73
14095,258
14096,293
14098,22
14099,11
14100,208
14101,209
14102,294
14103,295
14104,296
14105,297
14106,633
14107,706
14108,707
14109,708
14110,709
14111,710
14112,711
14113,712
14114,713
14115,714
14116,715
14117,716
14118,717
14119,634
14120,371
14121,372
14122,373
14124,12
14125,635
14126,210
14127,211
14128,718
14129,719
14130,720
14131,721
14132,374
14133,375
14134,376
14135,377
14136,378
14137,34
14138,722
14139,723
14140,724
14141,725
14142,636
14143,212
14144,726
14145,345
14146,346
14148,259
14149,347
14150,348
14151,24
14152,25
14153,204
14154,5
14155,6
14156,205
14157,206
14158,727
14159,728
14160,729
14161,730
14162,731
14163,732
14164,46
14165,96
14166,26
14167,267
14168,10
14169,207
14170,82
14171,733
14172,734
14173,735
14174,61
14175,298
14176,298
14177,298
14178,301
14179,302
14180,302
14181,27
14182,32
14183,28
14184,33
14185,260
14186,260
14187,58
14188,59
14189,736
14190,35
14191,637
14192,262
14193,66
14194,218
14195,60
14196,737
14197,738
14198,739
14199,740
14200,61
14201,62
14202,741
14203,263
14204,638
14205,638
14206,640
14207,640
14208,379
14209,7
14210,742
14211,8
14212,304
14213,305
14214,306
14215,264
14216,265
14217,266
14218,266
14219,233
14220,233
14221,235
14222,235
14224,237
14225,67
14229,743
14231,744
14232,307
14236,745
14237,642
14238,643
14239,644
14240,645
14241,645
14242,77
14243,380
14244,10
14245,381
14246,268
14247,269
14248,97
14249,179
14250,270
14251,270
14252,270
14253,746
14254,747
14255,36
14256,748
14257,749
14258,3
14259,98
14260,750
14261,751
14262,238
14263,239
14264,63
14265,28
14266,14
14267,15
14268,16
14269,208
14270,17
14271,18
14272,268
14273,219
14274,213
14275,118
14276,209
14277,210
14278,214
14279,29
14280,211
14281,6
14282,647
14283,240
14284,308
14285,309
14286,7
14287,8
14288,215
14289,216
14290,752
14291,753
14292,9
14293,64
14294,217
14295,68
14296,273
14297,273
14298,273
14299,273
14300,67
14301,68
14302,648
14303,649
14304,310
14305,311
14306,212
14307,29
14308,30
14309,217
14310,218
14311,225
14312,34
14313,35
14314,78
14315,119
14316,120
14317,754
14318,755
14319,756
14320,757
14321,758
14322,47
14323,759
14324,760
14325,349
14326,761
14327,6
14328,213
14329,762
14330,763
14331,69
14332,382
14333,1
14334,226
14335,650
14336,651
14337,312
14338,312
14339,652
14340,314
14341,315
14342,316
14343,317
14344,318
14345,319
14346,241
14347,180
14348,350
14349,351
14350,352
14351,83
14352,7
14353,214
14354,383
14355,384
14356,99
14357,121
14358,227
14359,1
14360,242
14361,242
14362,100
14363,31
14364,30
14366,110
14367,50
14368,215
14369,84
14370,8
14371,9
14372,10
14373,15
14374,121
14376,1
14377,764
14378,8
14379,765
14380,1
14382,26
14383,766
14384,12
14385,2
14386,31
14388,385
14389,39
14390,39
14391,122
14392,216
14393,63
14394,767
14395,111
14396,2
14397,218
14398,218
14399,220
14400,220
14401,220
14402,768
14403,769
14404,112
14405,113
14406,113
14407,115
14408,116
14409,116
14411,1
14412,4
14413,386
14414,387
14415,77
14416,196
14417,13
14418,221
14419,770
14420,771
14421,388
14422,389
14423,390
14424,653
14425,772
14426,773
14427,64
14428,391
14429,392
14430,393
14431,2
14432,27
14433,277
14434,277
14435,277
14436,277
14437,197
14438,774
14439,775
14440,776
14441,394
14442,395
14443,396
14444,14
14445,777
14446,778
14447,74
14448,397
14449,398
14450,228
14451,11
14452,12
14453,101
14454,779
14455,780
14456,781
14457,399
14458,400
14459,3
14460,222
14461,198
14462,199
14463,782
14464,783
14465,784
14466,9
14467,785
14468,786
14469,787
14470,7
14471,102
14472,223
14473,1
14474,1
14475,23
14476,217
14477,78
14478,11
14479,401
14480,788
14481,12
14482,122
14483,402
14484,13
14485,4
14486,3
14487,28
14488,4
14489,5
14490,5
14491,11
14492,6
14494,320
14495,321
14496,6
14497,7
14498,5
14499,6
14500,75
14501,19
14502,281
14503,10
14504,5
14505,7
14506,6
14507,353
14508,82
14509,654
14510,655
14511,10
14512,354
14513,269
14514,269
14515,269
14516,11
14517,7
14518,12
14519,218
14520,229
14521,230
14522,65
14523,282
14524,789
14525,790
14526,66
14527,123
14528,656
14529,8
14530,70
14531,8
14532,8
14533,283
14534,3
14535,37
14536,284
14537,219
14538,12
14539,791
14541,124
14542,125
14543,126
14544,8
14545,9
14546,272
14547,272
14548,13
14549,10
14550,231
14551,232
14552,10
14553,51
14554,43
14555,15
14556,233
14557,403
14558,404
14559,127
14560,127
14561,127
14562,65
14563,66
14564,220
14565,405
14566,406
14569,1
14570,1
14571,221
14572,355
14573,44
14574,28
14575,10
14576,234
14577,235
14578,38
14579,14
14580,29
14581,76
14582,103
14583,11
14584,3
14585,285
14586,285
14587,222
14588,223
14589,657
14590,224
14591,236
14592,287
14593,67
14594,237
14595,288
14596,289
14597,11
14598,238
14599,239
14600,71
14601,240
14602,241
14603,52
14604,32
14605,244
14607,245
14609,407
14610,408
14611,356
14612,290
14613,242
14628,11
14629,222
14631,792
14632,224
14633,225
14634,16
14635,793
14636,260
14637,261
14638,243
14639,244
14640,262
14641,658
14642,658
14643,660
14644,661
14645,662
14646,663
14647,12
14648,13
14649,14
14650,15
14651,72
14652,73
14653,245
14654,794
14655,409
14656,410
14657,79
14658,80
14659,795
14660,796
14661,16
14662,9
14663,10
14664,797
14665,798
14666,12
14667,411
14668,412
14669,226
14670,226
14671,4
14672,228
14673,228
14674,246
14675,74
14676,223
14677,13
14678,69
14679,70
14680,77
14681,224
14682,85
14683,39
14684,225
14685,226
14686,2
14687,291
14688,291
14689,293
14690,357
14691,86
14694,3
14695,274
14696,275
14697,78
14698,200
14699,123
14700,4
14701,163
14702,247
14703,276
14704,294
14705,294
14706,294
14707,294
14708,294
14709,294
14710,75
14711,799
14712,225
14713,225
14714,800
14715,801
14716,81
14717,53
14718,322
14719,323
14720,323
14721,124
14722,143
14723,9
14724,82
14725,1
14726,227
14727,227
14728,227
14729,227
14730,227
14731,227
14732,664
14733,67
14734,32
14735,358
14736,665
14737,665
14738,665
14740,232
14741,802
14742,33
14743,5
14744,79
14745,34
14746,35
14747,80
14748,10
14749,2
14750,300
14751,300
14752,302
14753,302
14754,304
14755,803
14756,305
14757,306
14758,307
14759,233
14760,233
14761,233
14762,233
14763,233
14764,238
14765,76
14766,45
14767,104
14768,325
14769,118
14770,11
14775,119
14776,7
14777,359
14778,228
14779,229
14782,82
14783,230
14784,3
14785,231
14786,326
14787,327
14788,8
14789,360
14791,328
14792,329
14793,361
14794,232
14795,9
14796,233
14798,234
14799,235
14800,330
14801,362
14802,12
14803,308
14804,201
14805,83
14806,1
14807,27
14808,27
14809,804
14810,84
14811,2
14814,2
14815,363
14816,202
14817,203
14818,364
14819,13
14820,309
14821,10
14822,14
14823,120
14824,121
14825,77
14826,668
14827,668
14828,670
14829,671
14831,105
14832,106
14833,78
14834,239
14837,79
14838,672
14839,83
14840,36
14843,37
14844,85
14845,38
14846,38
14847,40
14848,41
14849,42
14850,41
14851,11
14852,236
14853,43
14854,44
14855,45
14856,46
14857,230
14858,4
14859,1
14860,673
14861,3
14862,107
14863,86
14864,15
14865,16
14866,34
14867,5
14868,5
14870,17
14871,1
14872,6
14873,4
14874,80
14875,68
14876,277
14877,277
14878,277
14879,68
14880,69
14882,87
14883,79
14885,365
14886,69
14887,231
14888,16
14890,28
14891,248
14892,6
14893,805
14894,806
14895,10
14896,125
14897,807
14898,808
14899,809
14900,17
14902,810
14903,2
14904,249
14905,88
14906,83
14907,811
14908,812
14909,1
14910,89
14911,90
14913,40
14914,366
14915,91
14916,1
14917,2
14918,70
14919,16
14920,54
14921,413
14922,414
14923,415
14924,92
14925,26
14926,813
14927,814
14928,815
14929,93
14930,94
14931,204
14932,204
14933,246
14934,247
14935,816
14937,1
14938,18
14939,237
14940,238
14941,239
14942,240
14943,12
14944,250
14945,241
14946,6
14947,6
14948,6
14949,6
14950,6
14951,1
14952,1
14954,5
14955,71
14956,41
14957,251
14958,7
14959,2
14960,252
14961,253
14962,1
14963,817
14964,818
14965,254
14966,29
14967,42
14969,95
14972,7
14973,7
14974,7
14976,255
14977,256
14978,257
14979,258
14980,259
14981,10
14982,7
14983,260
14984,261
14985,262
14986,263
14987,264
14988,1
14989,367
14990,265
14991,80
14992,80
14993,3
14994,11
14995,38
14996,84
14997,8
14999,266
15000,240
15002,11
15003,11
15004,267
15005,268
15006,144
15007,81
15008,82
15009,83
15010,68
15013,81
15014,108
15015,27
15016,30
15017,242
15018,232
15019,1
15020,819
15021,368
15022,820
15023,821
15024,369
15026,2
15027,2
15028,31
15029,4
15030,12
15031,96
15032,280
15034,1
15035,2
15036,416
15037,3
15038,4
15039,5
15040,58
15041,243
15042,39
15043,281
15044,244
15045,219
15046,370
15047,245
15048,6
15049,7
15050,7
15051,9
15052,10
15053,11
15054,12
15055,13
15056,14
15057,15
15058,248
15059,97
15060,98
15061,82
15069,241
15071,17
15072,417
15073,418
15074,419
15075,420
15076,249
15077,16
15078,17
15079,18
15080,19
15081,82
15082,250
15083,251
15084,252
15085,252
15086,822
15087,83
15088,43
15089,254
15090,1
15091,421
15092,823
15093,823
15094,69
15095,825
15096,422
15097,2
15098,371
15099,13
15100,72
15101,83
15102,674
15103,674
15104,676
15105,242
15106,242
15107,242
15109,122
15110,122
15111,423
15112,424
15113,372
15114,14
15115,826
15116,827
15117,677
15118,678
15119,828
15121,829
15123,255
15124,679
15125,282
15126,283
15127,680
15128,680
15129,425
15131,88
15132,256
15133,257
15134,830
15135,73
15136,831
15137,832
15138,833
15139,834
15140,835
15141,836
15142,837
15143,838
15144,84
15145,20
15146,246
15148,247
15149,258
15150,373
15151,29
15152,74
15153,259
15154,260
15155,85
15156,21
15157,22
15158,1
15159,248
15160,374
15161,375
15162,11
15163,376
15164,377
15165,269
15166,18
15167,270
15168,249
15169,32
15170,29
15171,271
15172,284
15173,284
15174,250
15175,19
15176,286
15177,1
15178,23
15179,84
15180,13
15181,251
15182,25
15183,839
15184,245
15185,84
15186,682
15187,246
15188,840
15189,20
15190,841
15191,378
15192,683
15193,272
15194,44
15195,273
15197,252
15200,85
15201,261
15202,262
15203,247
15204,248
15205,248
15206,248
15207,3
15208,684
15209,4
15210,2
15211,251
15212,842
15213,843
15214,233
15215,844
15216,234
15217,263
15218,264
15219,845
15220,846
15221,847
15222,848
15223,265
15224,379
15225,274
15226,24
15227,25
15228,252
15229,253
15230,253
15231,235
15232,236
15233,75
15234,30
15235,86
15236,70
15237,426
15238,685
15240,1
15241,2
15242,254
15243,99
15244,275
15245,74
15246,100
15247,255
15248,220
15249,220
15250,220
15251,223
15252,224
15253,225
15254,276
15255,75
15256,277
15257,76
15258,109
15260,1
15261,278
15262,380
15263,381
15264,6
15265,26
15266,256
15267,87
15268,76
15269,40
15270,257
15271,258
15273,77
15274,1
15280,849
15281,850
15283,851
15284,852
15285,31
15286,427
15287,428
15288,55
15289,5
15290,382
15291,853
15292,12
15293,226
15294,227
15295,237
15296,238
15297,33
15298,12
15299,254
15300,255
15301,255
15302,255
15303,255
15304,255
15305,686
15306,686
15307,686
15308,854
15309,855
15310,259
15311,4
15312,87
15313,856
15314,857
15315,689
15316,41
15317,858
15318,859
15319,860
15320,861
15321,862
15322,863
15323,14
15324,864
15325,15
15326,865
15327,4
15328,263
15329,690
15330,691
15331,429
15332,692
15333,8
15334,77
15335,128
15336,128
15337,27
15338,27
15339,9
15340,21
15341,264
15342,693
15343,694
15344,260
15345,260
15346,260
15347,260
15348,260
15349,695
15350,28
15351,265
15352,260
15353,78
15355,696
15356,697
15357,79
15358,29
15359,86
15360,15
15361,16
15362,85
15363,13
15364,29
15365,266
15367,145
15368,267
15369,12
15370,12
15371,698
15372,699
15373,268
15374,30
15375,287
15376,287
15377,261
15378,265
15379,279
15380,383
15381,700
15382,701
15383,262
15384,269
15385,270
15386,88
15387,88
15388,88
15389,88
15390,33
15391,271
15392,70
15393,19
15394,228
15395,42
15396,266
15397,266
15398,268
15399,268
15400,268
15401,268
15402,268
15403,268
15404,268
15405,268
15406,268
15407,280
15419,289
15423,702
15424,703
15425,704
15426,705
15427,706
15428,34
15429,707
15430,707
15431,707
15432,707
15433,707
15434,707
15435,713
15436,714
15437,715
15438,716
15439,717
15440,272
15441,430
15442,431
15443,432
15444,71
15445,273
15446,206
15447,146
15448,433
15449,274
15450,1
15451,275
15452,11
15453,290
15454,291
15455,292
15456,87
15458,13
15459,866
15460,866
15461,718
15462,718
15463,718
15464,718
15465,718
15466,723
15467,723
15468,723
15469,723
15470,723
15471,868
15473,229
15474,229
15475,229
15476,88
15477,164
15478,869
15479,17
15480,728
15481,263
15482,165
15483,281
15484,239
15485,16
15486,276
15487,166
15488,282
15489,89
15490,283
15491,284
15492,124
15493,285
15495,71
15496,277
15497,278
15498,72
15499,286
15500,73
15501,167
15503,168
15504,169
15505,10
15506,264
15507,279
15508,870
15509,280
15510,871
15511,277
15512,277
15513,277
15514,35
15515,90
15516,280
15517,280
15518,280
15519,872
15521,287
15522,288
15523,14
15524,289
15525,290
15527,80
15528,265
15529,331
15530,332
15531,283
15532,284
15533,729
15534,729
15535,291
15536,292
15537,293
15538,266
15539,1
15543,170
15544,281
15545,294
15546,11
15547,295
15548,30
15549,240
15550,282
15551,285
15552,873
15553,126
15554,31
15555,31
15556,1
15557,434
15558,731
15559,18
15560,19
15561,6
15562,1
15563,127
15564,32
15565,36
15566,2
15567,732
15568,20
15569,91
15570,435
15571,72
15572,874
15573,875
15574,267
15575,32
15576,436
15577,101
15578,268
15579,293
15580,266
15581,733
15582,92
15583,267
15584,876
15585,93
15586,294
15587,1
15588,1
15589,1
15590,1
15591,232
15592,269
15593,384
15594,270
15595,36
15596,385
15597,158
15598,159
15599,386
15600,295
15601,78
15602,271
15603,272
15604,296
15605,297
15606,81
15607,3
15608,298
15609,82
15610,160
15611,181
15612,161
15613,162
15614,79
15615,94
15616,95
15617,22
15618,268
15625,9
15626,5
15627,4
15628,269
15629,163
15630,387
15631,437
15632,270
15633,2
15634,241
15635,33
15636,45
15637,877
15638,73
15639,46
15640,13
15641,5
15642,15
15643,128
15644,26
15645,286
15646,287
15647,287
15648,287
15649,21
15650,290
15651,290
15652,290
15653,56
15654,438
15655,16
15656,83
15658,86
15659,878
15660,6
15661,299
15662,37
15663,7
15664,17
15665,18
15666,879
15667,6
15668,164
15669,1
15670,15
15671,293
15672,96
15673,271
15674,272
15675,294
15676,294
15677,11
15678,7
15679,880
15680,12
15682,1
15684,233
15685,7
15686,165
15687,734
15688,735
15689,881
15690,2
15691,3
15692,234
15693,166
15695,167
15696,8
15697,8
15698,168
15699,296
15700,9
15701,4
15702,74
15703,74
15704,74
15705,74
15706,74
15707,74
15708,74
15709,169
15710,170
15711,132
15712,19
15713,18
15714,97
15715,736
15716,10
15717,11
15718,89
15719,737
15720,98
15721,20
15722,171
15723,297
15724,296
15725,738
15726,388
15727,273
15728,283
15729,284
15730,285
15731,286
15732,12
15733,172
15734,287
15735,19
15736,4
15737,173
15738,5
15739,6
15740,80
15741,12
15742,174
15743,739
15744,99
15745,740
15746,298
15747,298
15748,175
15749,207
15750,7
15751,8
15752,9
15753,176
15754,10
15755,11
15756,13
15759,300
15760,12
15761,84
15762,13
15763,14
15764,15
15765,301
15766,16
15767,389
15768,177
15769,14
15770,14
15771,1
15772,9
15773,16
15774,17
15775,390
15776,18
15777,274
15778,275
15779,275
15780,100
15781,277
15782,20
15783,741
15784,741
15785,288
15786,208
15787,17
15788,18
15789,102
15790,278
15791,279
15792,743
15793,391
15794,10
15795,289
15796,103
15797,104
15798,13
15799,14
15800,744
15801,290
15802,57
15803,209
15805,1
15806,1
15807,1
15808,1
15809,1
15810,1
15811,1
15812,1
15813,1
15814,1
15815,1
15816,1
15817,19
15818,745
15819,392
15820,13
15821,291
15822,297
15823,58
15824,302
15825,303
15826,304
15827,305
15828,306
15829,242
15830,20
15831,20
15832,18
15833,292
15834,746
15835,19
15836,101
15837,102
15838,103
15839,104
15840,307
15841,17
15842,22
15843,14
15845,71
15846,273
15847,235
15848,105
15849,110
15850,21
15851,393
15852,87
15853,43
15854,882
15855,883
15856,59
15857,72
15858,884
15859,885
15860,300
15861,301
15862,747
15863,302
15864,303
15865,308
15866,748
15867,748
15868,178
15869,750
15870,394
15871,85
15872,111
15873,86
15874,92
15875,280
15876,93
15877,395
15878,81
15879,396
15880,82
15881,304
15882,305
15883,83
15884,236
15885,397
15886,87
15887,237
15888,309
15889,106
15890,238
15891,886
15892,130
15893,105
15894,107
15895,84
15896,310
15897,310
15898,310
15899,310
15900,310
15901,310
15902,310
15903,317
15904,317
15905,319
15906,274
15907,293
15908,23
15909,18
15910,887
15911,106
15912,888
15913,85
15914,108
15915,24
15916,179
15917,180
15918,281
15919,34
15920,38
15921,22
15922,26
15923,282
15924,131
15925,306
15926,889
15927,1
15928,25
15929,12
15930,320
15931,890
15932,891
15933,892
15934,283
15935,13
15936,2
15939,275
15940,86
15941,19
15942,893
15943,39
15944,26
15945,321
15946,87
15947,88
15948,322
15949,323
15950,324
15951,284
15952,27
15953,90
15954,89
15955,37
15956,132
15957,132
15958,132
15959,132
15960,23
15961,23
15962,23
15963,276
15964,325
15965,325
15966,16
15968,327
15969,327
15970,20
15971,243
15972,243
15973,23
15974,109
15975,27
15976,73
15977,74
15979,91
15980,91
15981,307
15982,308
15983,309
15984,59
15985,894
15986,895
15987,107
15988,20
15989,310
15990,311
15991,26
15992,312
15993,285
15994,28
15995,313
15996,314
15997,315
15998,316
15999,317
16000,398
16001,35
16002,75
16003,36
16004,133
16005,1
16006,318
16007,319
16008,60
16009,134
16010,28
16011,320
16012,321
16013,3
16014,76
16015,108
16016,88
16017,110
16018,439
16020,322
16021,323
16022,286
16023,286
16024,109
16025,288
16026,288
16027,21
16028,324
16029,325
16030,22
16031,896
16032,326
16033,35
16034,29
16035,329
16036,751
16037,327
16038,330
16039,330
16040,90
16041,30
16042,77
16048,181
16049,5
16050,752
16051,277
16052,332
16053,290
16054,291
16055,399
16056,400
16057,333
16059,23
16060,31
16061,328
16062,329
16063,110
16064,278
16065,93
16066,11
16067,330
16068,334
16069,334
16070,334
16071,334
16072,334
16073,44
16074,12
16075,897
16076,13
16077,14
16078,898
16080,440
16081,441
16082,111
16083,135
16084,899
16085,13
16086,331
16087,78
16088,79
16089,900
16090,332
16091,14
16092,24
16093,25
16094,339
16095,60
16096,901
16097,32
16098,33
16099,34
16100,91
16101,298
16102,298
16103,5
16104,442
16105,443
16106,333
16107,92
16108,6
16109,171
16110,172
16111,6
16112,20
16113,4
16114,21
16115,81
16116,129
16117,93
16118,5
16119,334
16120,82
16121,335
16122,336
16123,27
16124,19
16125,112
16126,15
16127,35
16128,83
16129,22
16130,292
16131,337
16132,338
16133,339
16134,15
16135,401
16136,6
16137,94
16138,293
16139,402
16140,902
16141,111
16143,84
16144,14
16145,294
16146,15
16147,112
16148,24
16149,279
16150,295
16151,340
16152,210
16153,340
16154,444
16155,445
16159,13
16160,94
16161,10
16162,296
16163,16
16164,36
16165,17
16166,7
16167,8
16168,144
16169,144
16170,144
16171,297
16172,3
16173,4
16175,5
16176,23
16177,341
16178,280
16179,136
16180,61
16181,15
16182,26
16183,7
16184,753
16185,281
16186,80
16187,37
16188,38
16189,113
16190,32
16191,32
16192,32
16193,32
16194,32
16195,32
16196,32
16197,32
16199,68
16200,341
16201,342
16202,342
16203,342
16204,342
16205,95
16206,29
16207,1
16208,114
16209,39
16210,16
16211,40
16212,345
16213,346
16214,137
16215,138
16216,139
16217,96
16218,9
16219,17
16220,81
16221,298
16222,239
16224,61
16225,282
16226,903
16227,343
16228,347
16229,283
16230,348
16231,344
16232,904
16233,299
16234,299
16235,97
16236,97
16237,18
16238,300
16239,300
16240,300
16241,300
16242,349
16243,27
16244,40
16245,40
16246,40
16247,40
16248,284
16249,301
16250,28
16251,6
16252,99
16253,345
16254,85
16255,115
16256,10
16257,20
16258,446
16259,22
16260,22
16261,86
16262,182
16263,24
16264,18
16265,350
16266,351
16267,351
16268,351
16269,351
16270,351
16271,351
16272,45
16273,905
16274,346
16275,304
16276,62
16277,63
16278,63
16279,19
16280,302
16281,25
16282,24
16283,25
16284,26
16285,754
16286,82
16287,83
16288,25
16289,116
16290,26
16291,906
16292,907
16293,29
16294,755
16295,26
16296,26
16297,26
16298,908
16299,29
16300,30
16301,88
16302,89
16303,447
16304,909
16305,112
16306,347
16307,48
16308,30
16309,31
16310,31
16311,113
16312,357
16313,910
16314,33
16315,30
16316,30
16317,30
16318,30
16319,30
16320,30
16321,911
16322,126
16323,756
16324,127
16325,27
16326,448
16327,305
16328,305
16329,305
16330,305
16331,305
16332,305
16333,305
16334,305
16335,305
16336,69
16337,70
16338,912
16339,333
16340,334
16341,335
16342,336
16343,100
16344,14
16345,84
16346,31
16347,7
16348,65
16349,65
16350,84
16351,67
16352,449
16353,28
16354,41
16355,42
16356,85
16357,11
16358,337
16359,285
16360,43
16361,43
16363,348
16364,32
16365,349
16366,29
16367,211
16368,211
16369,286
16370,287
16371,245
16372,757
16373,34
16374,450
16375,20
16376,913
16377,288
16379,86
16380,87
16381,758
16382,101
16383,87
16384,102
16385,350
16386,147
16387,88
16388,351
16389,352
16391,8
16392,16
16393,28
16394,29
16395,148
16396,358
16397,45
16398,30
16399,46
16400,46
16401,48
16402,49
16403,31
16404,32
16405,50
16406,51
16407,33
16408,35
16409,35
16410,759
16411,49
16412,103
16413,94
16414,95
16415,246
16416,8
16417,8
16419,117
16420,96
16421,97
16422,247
16423,248
16424,249
16426,98
16427,914
16428,99
16429,289
16430,114
16431,115
16432,403
16433,17
16434,113
16435,33
16436,21
16437,116
16438,34
16439,9
16440,353
16441,10
16442,303
16443,304
16444,305
16445,915
16446,213
16447,213
16448,213
16449,213
16450,213
16451,250
16452,32
16453,32
16454,34
16455,90
16456,404
16457,35
16458,36
16460,37
16461,38
16462,39
16463,40
16464,41
16465,251
16466,35
16467,252
16468,916
16469,117
16470,354
16471,42
16472,74
16473,118
16474,119
16475,120
16476,121
16477,122
16478,89
16483,36
16484,36
16485,36
16487,123
16488,124
16489,11
16490,451
16491,125
16492,125
16493,43
16494,91
16495,92
16496,452
16497,405
16499,44
16500,290
16501,291
16502,292
16503,218
16504,218
16505,218
16506,218
16507,218
16508,218
16509,68
16510,68
16511,68
16512,68
16513,68
16514,127
16515,760
16516,30
16517,27
16518,453
16519,128
16520,253
16521,89
16522,37
16523,37
16524,355
16525,1
16526,129
16527,2
16528,356
16529,36
16530,357
16531,358
16532,45
16533,454
16534,90
16535,1
16536,1
16537,3
16538,406
16539,46
16540,47
16541,48
16542,359
16543,18
16544,49
16545,50
16546,51
16547,52
16548,53
16549,130
16550,131
16551,95
16552,54
16553,55
16554,360
16555,361
16556,132
16557,407
16558,224
16559,362
16560,88
16565,104
16566,133
16572,306
16574,917
16576,408
16577,307
16578,307
16580,3
16582,39
16583,409
16584,293
16587,294
16589,105
16590,105
16591,1
16592,1
16597,89
16598,455
16600,309
16601,309
16602,12
16603,91
16604,19
16605,92
16606,1
16609,10
16610,10
16612,12
16613,125
16614,125
16615,134
16616,135
16617,761
16618,918
16619,31
16620,46
16621,90
16622,100
16623,100
16624,100
16625,100
16627,7
16630,410
16631,4
16635,56
16636,57
16637,32
16638,136
16639,118
16640,40
16641,40
16642,130
16643,254
16645,119
16647,120
16649,28
16653,75
16656,359
16658,71
16659,72
16662,762
16663,762
16664,107
16665,8
16666,104
16667,58
16670,363
16671,108
16672,108
16674,50
16675,59
16676,42
16677,131
16679,360
16680,360
16681,362
16682,363
16683,110
16684,110
16685,110
16686,110
16687,46
16688,47
16689,13
16690,295
16691,33
16692,34
16693,311
16694,364
16695,173
16696,137
16697,137
16698,338
16699,919
16700,7
16701,8
16703,9
16704,43
16705,43
16706,43
16707,43
16708,43
16709,43
16710,43
16711,43
16712,43
16713,43
16714,920
16715,4
16716,37
16717,91
16718,121
16719,122
16720,13
16721,29
16722,365
16723,52
16724,76
16725,296
16726,764
16727,764
16728,366
16729,366
16730,368
16731,368
16732,297
16733,370
16734,14
16735,364
16736,365
16737,366
16738,15
16739,114
16740,114
16741,16
16742,921
16743,105
16744,93
16745,35
16746,106
16747,240
16748,922
16749,140
16750,53
16751,116
16752,116
16753,241
16754,411
16755,94
16756,412
16758,139
16759,132
16760,132
16761,132
16762,141
16763,242
16764,73
16765,74
16766,75
16767,135
16768,128
16769,243
16770,413
16771,47
16772,76
16773,77
16774,14
16775,923
16776,924
16777,925
16778,926
16779,927
16780,48
16781,78
16782,298
16783,371
16784,372
16785,299
16786,300
16787,928
16789,929
16790,930
16791,1
16792,123
16793,373
16794,373
16795,107
16796,2
16797,14
16798,124
16799,456
16800,136
16801,136
16802,136
16803,136
16804,136
16805,136
16806,51
16807,2
16808,30
16809,375
16810,301
16811,376
16812,38
16813,15
16814,931
16815,457
16816,377
16817,312
16818,313
16819,39
16820,20
16821,766
16822,40
16823,932
16824,314
16825,933
16826,934
16827,935
16828,41
16829,458
16830,936
16831,936
16832,936
16833,16
16834,53
16835,53
16836,118
16837,17
16838,459
16839,79
16840,460
16841,461
16842,462
16843,463
16844,302
16846,939
16847,378
16848,255
16849,114
16850,940
16851,941
16852,942
16853,142
16854,315
16855,15
16857,30
16858,30
16859,30
16860,30
16861,379
16862,943
16863,944
16864,1
16865,767
16866,768
16867,464
16868,2
16869,3
16870,174
16871,21
16872,465
16873,466
16874,467
16875,367
16876,368
16877,142
16878,303
16879,304
16880,256
16882,90
16883,89
16884,316
16885,317
16886,90
16887,91
16888,769
16889,119
16890,42
16891,257
16892,120
16893,121
16894,62
16895,122
16896,123
16897,108
16898,124
16899,85
16900,85
16901,18
16902,468
16903,469
16904,470
16905,85
16906,305
16908,1
16909,1
16910,1
16911,1
16912,1
16913,125
16914,945
16915,946
16916,91
16917,34
16918,34
16919,34
16920,109
16921,49
16922,947
16923,948
16924,380
16925,471
16926,140
16927,472
16928,141
16929,126
16930,115
16931,306
16932,127
16933,54
16934,54
16935,949
16936,949
16937,473
16938,77
16939,474
16940,2
16941,414
16942,381
16943,382
16944,6
16945,951
16946,951
16947,953
16948,953
16949,96
16950,78
16951,16
16952,955
16953,955
16954,957
16955,957
16956,79
16957,92
16958,415
16959,416
16960,417
16961,959
16962,960
16963,97
16964,128
16965,22
16966,961
16967,80
16968,383
16969,962
16970,963
16971,129
16972,50
16973,964
16974,965
16975,384
16976,966
16977,967
16978,968
16979,969
16980,7
16981,970
16982,971
16983,972
16984,973
16985,418
16986,974
16987,419
16988,475
16989,975
16990,476
16991,976
16992,977
16993,977
16994,977
16995,977
16996,977
16997,977
16998,983
16999,984
17000,985
17001,986
17002,987
17003,988
17004,989
17005,477
17006,478
17007,23
17008,24
17009,479
17010,258
17011,259
17012,420
17013,480
17014,481
17015,990
17016,339
17017,43
17018,19
17019,142
17020,314
17021,143
17022,991
17023,992
17024,93
17025,421
17026,318
17027,319
17028,2
17029,320
17030,321
17031,385
17032,386
17033,125
17034,422
17035,423
17036,993
17037,126
17038,127
17039,128
17040,994
17041,995
17042,996
17043,387
17044,388
17045,389
17046,127
17047,128
17048,340
17049,341
17050,342
17051,129
17052,129
17053,4
17054,1
17055,2
17056,143
17057,131
17058,131
17059,390
17060,391
17061,391
17062,393
17063,997
17064,424
17065,998
17066,36
17067,394
17068,425
17069,395
17070,11
17071,999
17072,1000
17073,1001
17074,1002
17075,396
17076,129
17077,5
17078,482
17079,3
17081,770
17082,771
17083,1003
17084,1003
17085,1005
17086,1005
17087,1007
17088,1007
17089,1009
17090,1009
17091,1011
17092,133
17093,315
17094,315
17095,315
17096,315
17097,315
17098,315
17099,315
17100,315
17101,315
17102,315
17103,315
17104,315
17105,315
17106,315
17107,315
17108,315
17109,315
17110,315
17111,134
17112,95
17113,96
17114,397
17115,397
17116,1012
17117,399
17118,12
17119,130
17120,400
17121,1013
17122,1014
17124,87
17125,20
17126,144
17127,144
17128,401
17129,1015
17130,402
17131,403
17132,1016
17133,1017
17134,1018
17135,1019
17136,483
17137,1020
17138,1021
17139,146
17140,484
17141,21
17142,36
17143,772
17144,773
17145,25
17146,131
17147,404
17148,405
17149,1022
17150,1023
17151,1024
17152,1025
17153,406
17154,1026
17155,1027
17156,175
17157,1028
17158,1028
17159,1030
17160,1030
17161,407
17162,408
17163,409
17164,410
17165,411
17166,412
17167,413
17168,1
17169,1032
17170,147
17171,148
17172,485
17173,486
17174,149
17175,5
17176,13
17177,37
17178,37
17179,39
17180,39
17181,14
17182,1
17184,15
17185,16
17186,55
17187,55
17188,17
17189,2
17190,18
17191,19
17192,48
17193,1
17194,17
17195,414
17196,1033
17197,1033
17198,1035
17199,1036
17200,1037
17201,1038
17202,1039
17203,225
17204,1040
17205,1041
17206,415
17207,1042
17208,1043
17209,416
17210,1044
17211,1045
17212,1046
17213,1047
17214,1048
17215,1049
17216,44
17217,1050
17218,1051
17219,1052
17220,487
17221,1053
17222,488
17223,417
17224,13
17225,418
17227,1054
17229,45
17230,774
17231,774
17232,1055
17233,1055
17234,419
17235,419
17236,419
17237,419
17238,489
17239,490
17240,490
17241,22
17242,22
17243,776
17244,492
17245,493
17246,97
17247,98
17248,51
17249,3
17250,176
17251,177
17252,18
17253,178
17254,423
17255,46
17256,424
17257,1057
17258,1058
17259,425
17260,343
17261,344
17262,426
17263,426
17264,494
17265,495
17266,150
17267,15
17268,345
17269,346
17270,347
17271,151
17272,1059
17273,1060
17274,130
17275,777
17276,73
17277,20
17278,19
17279,19
17280,19
17281,19
17282,152
17283,428
17284,23
17285,131
17286,131
17287,429
17288,47
17289,1061
17290,430
17291,1062
17292,1063
17293,1064
17294,16
17295,1065
17296,1066
17297,348
17298,348
17299,350
17300,350
17301,132
17302,1067
17303,1068
17304,1069
17305,352
17306,149
17307,149
17308,149
17309,26
17310,52
17311,48
17312,431
17313,49
17314,52
17315,153
17316,1070
17317,1071
17318,133
17319,21
17320,778
17321,496
17322,497
17323,307
17324,27
17325,1072
17326,50
17327,1073
17328,1074
17329,308
17330,1075
17331,1076
17332,432
17333,779
17334,780
17335,433
17336,1077
17337,53
17338,309
17339,144
17340,145
17341,146
17342,147
17343,110
17344,41
17345,226
17347,3
17348,333
17349,148
17350,149
17351,21
17352,150
17353,1078
17354,1079
17355,1080
17356,179
17357,129
17358,151
17359,151
17360,151
17361,151
17362,151
17363,310
17364,130
17365,434
17366,435
17367,131
17368,111
17369,134
17370,154
17371,155
17372,781
17373,782
17374,782
17375,24
17376,23
17377,135
17378,436
17379,437
17380,311
17381,312
17382,784
17383,9
17384,438
17385,439
17386,51
17387,52
17388,785
17389,4
17390,62
17391,37
17392,313
17393,86
17394,314
17395,786
17396,787
17397,440
17398,788
17399,156
17400,157
17401,315
17402,53
17403,158
17404,158
17405,160
17406,87
17407,334
17408,22
17409,6
17410,54
17411,441
17412,3
17413,112
17414,316
17415,113
17416,136
17417,137
17418,3
17419,3
17420,114
17421,789
17422,790
17423,4
17424,161
17425,162
17426,163
17427,442
17428,791
17429,164
17430,165
17431,335
17432,336
17433,317
17434,25
17435,166
17436,167
17437,39
17438,88
17439,88
17440,498
17441,89
17442,90
17444,156
17445,318
17446,443
17447,319
17448,89
17449,499
17450,7
17451,54
17452,17
17453,168
17454,169
17455,26
17456,24
17457,25
17458,5
17459,8
17460,26
17461,369
17462,27
17465,4
17466,91
17467,6
17468,5
17469,23
17470,28
17471,426
17472,29
17473,370
17474,138
17475,371
17476,372
17477,427
17478,40
17479,93
17480,63
17481,53
17482,6
17483,9
17484,42
17485,43
17486,44
17487,45
17488,92
17489,444
17490,320
17491,445
17492,446
17493,447
17494,448
17495,448
17496,450
17497,6
17498,428
17499,139
17500,321
17501,500
17502,792
17504,27
17506,451
17507,15
17508,260
17509,261
17510,41
17511,793
17512,793
17513,793
17514,796
17515,796
17516,796
17517,140
17518,322
17519,452
17520,452
17521,454
17522,455
17523,81
17524,28
17525,456
17526,262
17527,90
17528,29
17529,1081
17530,6
17531,1082
17532,323
17533,322
17534,38
17535,38
17536,457
17537,457
17538,18
17539,799
17540,800
17541,501
17542,54
17544,16
17545,502
17546,503
17547,323
17548,324
17549,64
17550,3
17551,373
17552,374
17553,46
17554,46
17555,46
17556,46
17557,46
17558,46
17559,46
17560,46
17561,46
17562,19
17563,459
17564,324
17565,1083
17566,1084
17567,325
17568,326
17569,327
17570,1085
17571,1086
17572,328
17573,1
17574,6
17575,3
17576,325
17577,1087
17578,1088
17579,2
17580,801
17581,802
17582,17
17583,17
17585,141
17586,10
17587,11
17588,12
17589,13
17590,30
17591,31
17592,7
17593,8
17594,8
17595,8
17596,8
17597,375
17598,12
17599,1
17600,2
17601,3
17602,4
17603,429
17604,5
17605,6
17606,7
17607,8
17608,9
17609,10
17610,4
17611,5
17612,116
17613,142
17614,32
17615,430
17616,82
17617,1
17618,431
17619,244
17620,326
17621,327
17622,328
17623,7
17624,329
17625,14
17626,4
17627,504
17628,13
17629,13
17630,505
17631,330
17632,245
17633,245
17634,245
17635,245
17636,506
17637,507
17638,508
17639,509
17640,510
17641,31
17642,331
17643,331
17644,1089
17645,74
17646,74
17647,1090
17648,143
17649,432
17650,93
17651,3
17652,3
17653,333
17654,30
17655,249
17656,15
17657,1091
17658,15
17659,157
17660,16
17661,250
17662,115
17663,116
17664,334
17665,20
17666,1092
17667,117
17668,83
17669,335
17670,92
17671,336
17672,263
17673,264
17674,1093
17675,1094
17676,1095
17677,337
17678,5
17679,5
17680,7
17681,118
17682,1096
17683,1097
17684,511
17685,512
17686,144
17687,251
17688,433
17689,434
17690,338
17691,460
17692,1098
17693,1099
17694,1100
17695,1101
17696,119
17697,265
17698,266
17699,84
17700,8
17701,55
17702,55
17703,461
17704,57
17705,85
17706,86
17707,1102
17708,462
17709,267
17722,32
17725,33
17726,513
17727,514
17729,11
17730,12
17731,13
17732,14
17733,15
17734,145
17735,16
17736,17
17737,18
17738,19
17739,20
17740,21
17741,22
17742,23
17743,24
17744,25
17745,26
17746,27
17747,28
17748,29
17749,30
17750,339
17751,1103
17752,1104
17753,340
17754,49
17755,50
17756,341
17757,1105
17758,51
17759,268
17760,269
17761,1106
17762,1107
17763,17
17764,515
17765,516
17766,517
17767,146
17768,147
17769,92
17770,93
17771,94
17772,95
17773,96
17774,33
17775,18
17776,87
17777,5
17778,88
17779,98
17780,1108
17781,6
17782,99
17783,1109
17784,1110
17785,1111
17786,19
17787,60
17788,130
17789,252
17790,131
17791,253
17792,99
17793,100
17794,329
17795,329
17796,329
17797,329
17798,329
17799,329
17800,329
17801,463
17802,518
17803,519
17804,520
17805,34
17806,34
17807,342
17808,1112
17809,343
17810,1113
17811,21
17812,21
17813,21
17814,344
17815,63
17816,76
17817,58
17818,803
17819,61
17820,62
17821,254
17822,132
17823,7
17824,64
17825,345
17826,346
17827,133
17828,464
17829,521
17830,522
17831,65
17832,523
17833,134
17834,66
17835,347
17836,34
17837,59
17838,376
17839,377
17840,31
17841,67
17842,348
17843,32
17844,1114
17845,133
17846,36
17847,5
17848,20
17849,148
17850,149
17851,349
17852,68
17853,97
17854,98
17855,60
17856,8
17857,14
17858,69
17859,100
17860,804
17861,804
17862,804
17863,1115
17864,5
17865,807
17866,1116
17867,1117
17868,150
17869,1118
17870,1119
17871,70
17872,61
17873,808
17874,809
17875,524
17876,525
17877,37
17878,33
17879,135
17880,1
17881,136
17882,170
17883,137
17884,138
17885,1120
17886,1121
17887,139
17888,336
17889,140
17890,1122
17891,270
17892,1123
17893,1124
17895,1125
17898,1126
17899,62
17903,1127
17904,28
17905,271
17906,23
17907,1128
17908,1128
17909,1128
17910,171
17911,1131
17912,55
17913,134
17914,9
17915,9
17916,172
17918,151
17919,152
17920,56
17921,57
17922,58
17923,59
17924,435
17925,1132
17926,60
17927,1133
17928,1133
17929,141
17930,21
17931,142
17932,143
17934,11
17935,11
17936,378
17937,89
17938,1135
17939,1136
17940,1137
17941,38
17942,135
17943,135
17944,1138
17945,1138
17946,1140
17947,1140
17948,1142
17949,63
17950,1143
17951,1144
17952,71
17953,1145
17954,64
17955,1146
17956,1147
17957,1148
17958,1148
17959,1150
17960,1150
17961,379
17962,380
17963,272
17964,272
17965,272
17966,227
17967,1152
17968,1153
17969,1154
17970,1155
17971,1156
17972,1157
17973,1158
17975,1
17976,22
17977,24
17978,381
17979,135
17980,153
17981,154
17982,1159
17983,1159
17984,1159
17985,1159
17986,144
17987,1163
17988,1163
17989,1163
17990,1163
17991,94
17992,72
17993,15
17994,382
17995,145
17996,136
17997,1167
17998,1167
18001,16
18002,16
18003,16
18004,16
18005,16
18006,55
18007,465
18008,155
18009,526
18010,527
18011,56
18012,56
18013,56
18014,101
18015,1169
18016,275
18017,1170
18018,1171
18019,1171
18020,1171
18021,1171
18022,132
18023,528
18024,1175
18025,1176
18026,1177
18027,1177
18028,337
18029,529
18030,146
18031,65
18032,180
18033,91
18034,92
18035,530
18036,810
18037,810
18038,810
18039,810
18040,810
18041,815
18042,815
18043,815
18044,815
18045,815
18046,2
18047,383
18048,3
18049,31
18050,158
18051,32
18052,1179
18053,1180
18054,1181
18055,466
18056,467
18057,33
18058,34
18059,35
18060,276
18061,36
18062,37
18063,820
18064,821
18065,2
18066,2
18067,2
18068,90
18069,147
18070,23
18071,338
18072,156
18073,2
18074,1182
18075,1182
18076,1182
18077,1182
18078,1182
18079,1182
18080,1182
18081,1182
18082,1182
18083,1182
18084,1182
18085,1182
18086,1182
18087,1195
18088,1195
18089,1195
18090,1195
18091,1195
18092,1195
18093,1195
18094,1195
18095,1195
18096,1195
18097,1195
18098,1195
18099,1195
18100,1208
18101,1209
18102,337
18103,148
18104,148
18105,59
18106,143
18107,822
18108,24
18109,150
18110,19
18111,823
18112,1210
18113,1210
18114,1210
18115,1210
18116,1214
18117,1214
18118,1214
18119,1214
18120,824
18121,825
18122,436
18123,157
18124,25
18125,26
18126,66
18127,1
18128,1218
18129,1219
18130,1220
18131,27
18132,151
18133,152
18134,153
18135,153
18136,155
18137,25
18138,28
18139,384
18140,31
18142,1
18143,228
18144,229
18145,229
18146,158
18147,9
18148,35
18149,1221
18150,1222
18151,10
18152,437
18153,94
18154,95
18155,339
18156,26
18157,277
18158,156
18159,67
18160,1223
18161,1224
18162,338
18163,339
18164,181
18165,157
18166,158
18167,158
18168,158
18169,1225
18170,1226
18171,161
18172,350
18173,1227
18174,1228
18175,120
18176,385
18177,1229
18178,1230
18179,1231
18180,1232
18181,133
18182,351
18183,162
18184,163
18185,2
18186,2
18187,2
18188,2
18189,2
18190,2
18191,2
18192,2
18193,2
18194,2
18195,2
18196,2
18197,2
18198,2
18199,2
18200,340
18201,159
18202,17
18203,164
18204,165
18205,18
18206,159
18207,29
18208,27
18209,340
18210,438
18211,160
18212,160
18213,160
18214,160
18215,160
18216,160
18217,60
18218,121
18219,121
18220,121
18221,386
18222,387
18223,352
18224,439
18225,1233
18226,341
18227,1234
18228,30
18229,160
18230,353
18231,31
18232,354
18233,124
18234,388
18235,468
18236,19
18237,125
18238,73
18239,74
18240,1235
18241,1235
18242,126
18243,91
18244,355
18245,92
18246,166
18247,36
18248,127
18253,440
18254,20
18255,182
18256,28
18257,29
18258,469
18260,128
18261,167
18262,1237
18263,102
18264,129
18265,168
18266,470
18267,826
18268,356
18269,471
18270,342
18271,61
18272,169
18273,1238
18274,357
18275,1239
18276,170
18277,130
18279,131
18280,183
18281,96
18282,171
18283,389
18284,172
18285,173
18286,161
18287,62
18288,390
18289,174
18290,391
18292,1
18293,358
18294,827
18295,132
18296,1240
18297,1240
18298,441
18299,1242
18300,1243
18301,175
18302,32
18303,1244
18304,472
18305,472
18306,472
18307,359
18308,63
18309,133
18310,278
18311,279
18312,1245
18313,392
18314,1246
18315,475
18316,475
18317,475
18318,442
18319,166
18320,166
18321,393
18322,394
18323,395
18324,443
18325,396
18326,360
18327,168
18328,169
18329,33
18330,2
18331,24
18332,1247
18333,1247
18334,68
18335,25
18336,162
18337,361
18338,163
18339,3
18340,362
18341,184
18342,103
18343,104
18344,185
18345,105
18346,176
18347,24
18348,25
18349,26
18350,6
18351,164
18352,165
18353,444
18354,445
18355,30
18356,397
18357,478
18358,166
18359,27
18360,28
18361,29
18362,170
18363,5
18364,5
18365,5
18366,5
18367,5
18368,363
18369,364
18370,93
18371,94
18372,365
18373,398
18374,231
18375,186
18376,106
18377,366
18378,367
18379,828
18380,828
18381,828
18382,828
18383,828
18384,177
18385,6
18386,134
18387,833
18388,833
18389,178
18390,178
18391,31
18392,37
18393,167
18394,399
18395,168
18396,169
18397,99
18398,47
18399,368
18400,369
18401,8
18403,4
18404,134
18405,180
18406,400
18407,5
18408,401
18409,135
18410,402
18411,835
18412,181
18413,48
18414,182
18415,30
18416,31
18417,32
18418,33
18419,34
18420,14
18422,183
18423,1
18424,341
18425,342
18426,342
18427,170
18428,171
18429,479
18430,479
18431,479
18432,6
18433,10
18434,1249
18435,7
18436,8
18437,370
18438,9
18439,26
18440,10
18441,184
18442,184
18443,184
18444,184
18445,184
18446,184
18447,107
18448,108
18450,11
18451,403
18452,404
18453,7
18454,405
18455,406
18456,407
18457,109
18458,408
18459,11
18460,172
18461,173
18462,27
18463,371
18464,1250
18465,1251
18466,372
18467,11
18468,2
18469,69
18470,531
18471,1
18472,532
18473,373
18474,533
18475,171
18476,409
18477,2
18478,174
18479,175
18480,40
18481,40
18482,40
18483,9
18484,9
18485,410
18486,411
18487,412
18488,190
18489,374
18490,375
18491,376
18492,377
18493,280
18494,378
18495,12
18496,13
18497,2
18498,482
18499,1252
18500,1253
18501,483
18502,483
18503,485
18504,3
18505,1254
18506,1255
18507,110
18508,191
18509,836
18510,837
18511,838
18512,192
18513,32
18514,49
18515,413
18516,414
18517,1256
18518,415
18519,172
18520,446
18521,173
18522,173
18523,173
18524,173
18525,4
18526,8
18527,447
18528,177
18529,448
18530,416
18531,417
18532,4
18533,418
18534,187
18535,486
18536,486
18537,486
18538,3
18539,419
18554,14
18555,21
18556,176
18557,177
18558,43
18559,93
18560,343
18561,379
18562,70
18563,136
18564,1257
18565,50
18566,380
18567,71
18568,1258
18569,14
18570,75
18571,1259
18572,1260
18573,534
18574,420
18575,535
18576,421
18577,422
18578,423
18579,424
18580,178
18581,381
18582,382
18583,281
18584,12
18585,13
18586,95
18587,94
18588,17
18589,839
18590,839
18591,18
18592,536
18593,537
18594,538
18595,539
18596,97
18597,33
18598,449
18599,425
18600,63
18601,193
18602,193
18603,344
18604,195
18605,195
18606,383
18607,197
18608,197
18609,197
18610,197
18611,197
18612,282
18613,135
18614,136
18615,540
18616,489
18617,51
18618,541
18619,542
18620,202
18621,64
18622,64
18623,64
18624,64
18625,64
18626,137
18627,137
18628,137
18629,137
18630,137
18631,203
18632,203
18633,283
18634,1261
18635,1261
18636,1261
18637,1261
18638,490
18639,137
18640,1265
18641,1266
18642,491
18643,96
18644,205
18645,138
18646,188
18647,34
18648,69
18649,139
18651,426
18652,427
18654,12
18655,1
18656,1
18657,1
18658,428
18659,179
18660,140
18661,44
18662,1267
18663,136
18664,543
18665,544
18666,545
18667,189
18668,429
18669,353
18670,1268
18671,384
18672,95
18673,13
18674,3
18675,385
18676,1269
18677,1270
18678,1271
18679,1272
18680,1273
18681,284
18682,4
18683,1274
18684,147
18685,546
18686,1275
18687,1276
18688,97
18689,1277
18690,1277
18691,1279
18692,1280
18693,386
18694,1281
18695,492
18696,492
18697,492
18698,492
18699,492
18700,492
18701,5
18702,76
18703,1282
18704,21
18705,22
18706,72
18707,57
18708,450
18709,73
18710,34
18711,451
18712,117
18713,45
18714,452
18715,453
18716,80
18717,454
18718,81
18722,39
18723,498
18724,232
18725,232
18726,232
18727,232
18729,96
18730,97
18731,499
18732,499
18733,499
18734,499
18735,499
18736,499
18738,35
18739,98
18740,505
18741,505
18742,505
18743,505
18744,455
18745,1283
18746,99
18747,1284
18748,1285
18749,1286
18750,285
18751,547
18752,548
18753,47
18754,345
18755,456
18756,12
18757,14
18758,457
18759,387
18760,95
18761,48
18762,49
18763,23
18764,23
18765,23
18766,2
18767,509
18768,509
18769,509
18770,509
18771,509
18772,509
18773,509
18774,509
18775,509
18776,509
18777,509
18778,509
18779,509
18780,509
18781,509
18782,509
18783,509
18784,509
18785,180
18786,458
18787,459
18788,181
18789,6
18790,460
18791,461
18792,96
18793,1287
18794,388
18795,527
18796,527
18797,527
18798,527
18799,527
18800,527
18801,527
18802,527
18803,527
18804,527
18805,527
18806,527
18807,527
18808,527
18809,527
18810,527
18811,527
18812,527
18813,527
18814,97
18815,546
18816,7
18817,36
18818,30
18819,1288
18820,182
18821,4
18822,1289
18823,1290
18824,1291
18825,547
18826,548
18827,50
18828,100
18829,1
18830,26
18831,462
18832,389
18833,8
18835,1292
18836,1293
18838,9
18839,1294
18840,2
18841,2
18842,549
18843,1295
18844,1296
18845,550
18846,551
18847,1297
18848,552
18849,111
18850,1298
18851,2
18852,549
18853,549
18854,549
18855,549
18856,549
18857,549
18858,549
18859,549
18860,549
18861,549
18862,549
18863,14
18864,553
18866,15
18867,554
18869,1299
18870,1299
18871,1299
18872,1299
18873,27
18874,101
18875,101
18876,4
18877,38
18878,39
18879,40
18880,6
18881,1303
18882,1303
18883,1303
18884,1306
18885,1306
18886,32
18887,430
18888,5
18889,22
18890,1308
18891,37
18892,7
18893,19
18894,41
18895,20
18896,42
18897,463
18898,286
18899,287
18900,103
18901,390
18902,1309
18903,1310
18904,104
18905,14
18906,391
18907,392
18908,1311
18909,555
18910,556
18911,557
18912,1312
18913,1312
18914,560
18915,15
18916,431
18917,183
18918,288
18919,105
18920,15
18921,346
18922,347
18923,74
18924,558
18925,559
18926,77
18927,206
18928,236
18929,58
18930,59
18931,59
18932,59
18933,59
18934,59
18935,59
18936,59
18937,66
18938,67
18939,67
18940,67
18941,67
18942,67
18943,67
18944,67
18945,67
18946,67
18947,67
18948,67
18949,67
18950,67
18951,67
18952,67
18953,67
18954,67
18955,67
18956,67
18957,67
18958,67
18959,67
18960,67
18961,67
18962,67
18963,67
18964,67
18965,67
18966,67
18967,67
18968,67
18969,67
18970,67
18971,67
18972,67
18973,67
18974,67
18975,67
18976,67
18977,67
18978,67
18979,67
18980,67
18981,67
18982,67
18983,67
18984,67
18985,67
18986,67
18987,67
18988,67
18989,67
18990,67
18991,67
18992,67
18993,67
18994,67
18995,67
18996,67
18997,67
18998,67
18999,13
19000,464
19001,100
19002,16
19021,1314
19022,841
19023,561
19024,562
19025,562
19026,562
19029,465
19030,1315
19031,42
19032,393
19033,101
19034,432
19035,46
19036,46
19037,102
19038,103
19039,75
19040,842
19041,433
19042,1316
19043,1317
19045,434
19047,435
19048,112
19049,38
19063,565
19064,566
19065,344
19066,1318
19067,466
19068,467
19069,48
19070,52
19072,567
19073,128
19074,568
19075,569
19076,570
19077,39
19078,52
19079,207
19081,289
19082,102
19083,53
19084,3
19085,54
19086,14
19089,184
19090,15
19092,106
19093,290
19094,571
19095,1319
19096,185
19097,1320
19098,93
19099,394
19100,395
19101,103
19102,1
19103,1321
19104,843
19105,53
19106,54
19108,49
19109,1322
19110,1322
19111,1324
19112,468
19114,190
19115,469
19116,186
19117,187
19118,470
19119,1325
19120,101
19121,35
19122,35
19123,436
19124,104
19126,471
19127,472
19128,473
19129,28
19130,437
19131,348
19132,17
19133,474
19134,349
19135,98
19136,438
19138,104
19139,64
19141,40
19142,188
19143,41
19144,42
19145,105
19146,18
19147,1326
19148,350
19149,107
19150,1327
19151,439
19152,560
19153,561
19154,19
19155,572
19156,20
19157,21
19158,440
19159,29
19160,70
19161,70
19162,72
19164,844
19165,99
19166,4
19167,4
19168,345
19169,118
19170,37
19171,441
19172,562
19173,1328
19174,9
19175,100
19176,65
19177,66
19178,442
19179,43
19180,475
19181,237
19182,237
19183,237
19184,443
19185,22
19186,189
19187,444
19188,106
19189,67
19190,68
19191,69
19192,23
19193,108
19194,445
19195,573
19196,446
19197,23
19198,563
19199,70
19200,447
19201,71
19202,72
19203,73
19204,74
19205,75
19206,75
19207,77
19208,78
19209,79
19210,448
19211,564
19212,94
19213,94
19214,94
19215,94
19216,476
19217,477
19218,105
19219,478
19220,449
19221,1329
19222,208
19223,5
19224,50
19225,2
19226,141
19227,141
19228,24
19229,25
19230,190
19231,574
19232,98
19233,209
19234,210
19235,565
19236,6
19237,566
19238,346
19240,16
19241,98
19242,1330
19243,1331
19244,76
19245,142
19246,143
19247,143
19248,77
19249,1332
19250,396
19251,82
19252,17
19253,211
19254,44
19255,351
19256,1
19257,7
19258,2
19259,18
19260,479
19261,45
19262,354
19263,107
19264,567
19265,568
19266,569
19267,570
19268,191
19269,1333
19270,12
19271,212
19272,212
19273,480
19274,397
19275,1334
19276,98
19277,51
19278,52
19279,53
19280,1335
19281,46
19282,1336
19283,845
19284,846
19285,38
19286,571
19287,39
19288,8
19289,1
19290,1
19291,40
19292,3
19293,80
19294,192
19296,481
19297,24
19298,41
19299,47
19300,42
19301,43
19303,1
19304,575
19305,575
19306,44
19307,45
19310,482
19311,1337
19312,2
19313,81
19314,48
19315,483
19316,577
19317,1
19318,78
19319,1338
19320,35
19321,55
19323,54
19324,144
19325,145
19326,146
19327,99
19328,2
19329,578
19330,36
19331,847
19332,108
19333,109
19334,49
19335,4
19336,848
19337,848
19338,850
19339,850
19340,852
19341,852
19342,1339
19343,193
19344,579
19345,99
19346,73
19347,109
19348,110
19349,74
19350,450
19351,111
19352,75
19353,580
19354,572
19355,55
19356,581
19357,76
19358,100
19359,573
19360,574
19361,9
19362,82
19363,113
19364,582
19365,112
19366,398
19367,77
19368,1340
19369,113
19370,451
19371,26
19372,355
19373,110
19374,13
19375,6
19376,3
19377,214
19378,1341
19379,101
19380,78
19381,79
19382,583
19383,584
19384,352
19385,194
19386,215
19387,216
19388,217
19389,218
19390,147
19391,147
19392,147
19393,147
19394,147
19395,50
19396,1342
19397,1343
19398,1344
19399,27
19400,1
19401,7
19403,80
19404,195
19405,585
19406,28
19407,399
19408,144
19409,356
19410,357
19411,358
19412,94
19413,219
19414,56
19415,56
19416,46
19417,10
19418,58
19419,586
19420,8
19421,587
19422,1
19423,95
19424,55
19425,83
19426,588
19427,101
19428,10
19429,11
19431,119
19432,114
19433,2
19434,359
19435,359
19436,359
19437,362
19438,363
19439,364
19440,365
19441,353
19442,220
19443,589
19444,589
19445,589
19446,196
19447,79
19448,592
19449,592
19450,80
19451,81
19452,575
19453,40
19454,29
19455,594
19456,594
19457,594
19458,594
19459,594
19460,594
19462,111
19463,452
19464,1345
19465,1345
19466,1345
19467,1345
19468,1345
19469,453
19470,454
19471,25
19472,16
19473,16
19474,16
19475,137
19476,84
19477,85
19478,144
19479,145
19480,30
19481,400
19482,576
19483,854
19484,600
19485,600
19486,600
19487,600
19488,600
19489,600
19490,401
19491,606
19492,607
19493,607
19494,607
19495,402
19496,138
19497,1350
19498,4
19499,610
19500,38
19501,38
19502,38
19503,38
19504,38
19505,38
19506,38
19507,38
19508,38
19509,38
19510,38
19511,38
19512,855
19513,855
19514,197
19515,152
19516,115
19517,43
19518,857
19519,577
19520,578
19521,86
19522,579
19523,580
19524,581
19525,582
19526,611
19527,611
19528,3
19529,1351
19530,81
19531,82
19532,87
19533,191
19534,9
19535,12
19536,1352
19537,1
19538,2
19539,3
19540,88
19541,221
19542,222
19543,13
19544,613
19545,1353
19546,3
19547,614
19548,614
19549,614
19550,858
19551,1354
19552,617
19553,89
19554,618
19555,619
19556,100
19557,16
19558,82
19559,1355
19560,178
19561,96
19562,97
19563,56
19564,101
19565,4
19566,90
19567,2
19568,347
19569,10
19570,21
19571,4
19572,455
19573,3
19574,11
19575,484
19576,859
19577,456
19578,583
19579,584
19580,179
19581,16
19582,1
19583,585
19584,116
19585,5
19586,22
19588,586
19589,620
19590,485
19591,2
19593,457
19594,458
19595,3
19596,1
19597,621
19598,486
19599,14
19600,223
19602,587
19603,622
19604,31
19605,224
19606,4
19607,459
19608,860
19609,83
19610,84
19611,5
19612,255
19613,1
19614,4
19615,5
19616,460
19617,461
19618,41
19619,6
19620,114
19621,31
19622,623
19623,61
19624,354
19625,32
19626,624
19627,624
19628,626
19629,627
19630,62
19631,59
19632,588
19633,355
19634,356
19635,60
19636,628
19637,629
19638,630
19639,631
19640,33
19641,632
19642,462
19643,633
19644,291
19645,34
19646,34
19647,106
19648,153
19649,861
19650,98
19651,366
19652,366
19653,102
19654,61
19655,83
19656,357
19657,358
19658,463
19659,589
19660,590
19661,464
19662,7
19663,634
19664,635
19665,35
19666,636
19667,637
19668,862
19669,292
19670,591
19671,4
19672,26
19673,293
19674,256
19675,487
19676,19
19677,117
19678,8
19679,9
19680,638
19682,639
19683,640
19684,44
19685,45
19686,294
19687,863
19688,85
19689,641
19690,642
19691,5
19692,864
19693,864
19694,864
19695,102
19696,1
19697,86
19698,225
19699,32
19700,592
19701,33
19702,10
19703,11
19704,643
19705,465
19706,5
19707,12
19708,13
19709,14
19710,15
19711,16
19712,17
19713,99
19714,6
19715,12
19716,1
19717,7
19718,23
19719,8
19720,34
19721,466
19722,467
19723,9
19724,644
19725,20
19726,20
19727,20
19728,468
19729,100
19730,35
19731,6
19732,645
19733,645
19734,647
19735,88
19736,146
19737,102
19738,103
19739,104
19740,87
19741,469
19742,867
19743,470
19744,180
19745,471
19746,15
19747,15
19748,15
19749,15
19751,2
19752,1356
19754,198
19755,593
19756,36
19757,37
19758,403
19759,51
19760,7
19761,8
19762,52
19763,53
19764,46
19765,472
19766,473
19767,648
19768,649
19769,650
19770,295
19771,295
19772,651
19773,652
19774,30
19775,297
19776,653
19777,654
19778,199
19779,103
19780,3
19781,594
19782,868
19783,1357
19784,869
19785,3
19786,54
19787,488
19788,10
19789,4
19790,226
19791,474
19792,5
19793,5
19794,62
19795,655
19796,1358
19797,154
19798,88
19799,656
19800,870
19801,870
19802,657
19803,658
19804,658
19805,227
19806,38
19807,6
19808,872
19809,104
19810,298
19811,89
19812,475
19813,873
19814,1359
19815,660
19816,24
19817,661
19818,874
19819,874
19821,39
19822,31
19823,876
19824,40
19825,41
19826,42
19827,139
19828,139
19829,877
19830,359
19831,360
19832,1
19833,11
19834,489
19835,25
19836,200
19837,42
19838,101
19839,2
19840,26
19841,361
19842,3
19843,103
19844,18
19845,120
19846,19
19848,20
19849,21
19850,1
19851,1
19852,662
19853,663
19854,663
19855,665
19856,145
19857,299
19858,300
19859,19
19860,89
19861,666
19862,47
19863,1
19864,22
19865,43
19866,9
19867,14
19868,48
19869,105
19870,27
19871,301
19872,7
19873,8
19874,9
19875,104
19876,10
19877,115
19878,404
19879,34
19880,35
19881,2
19882,141
19883,141
19884,667
19885,112
19886,43
19887,595
19888,490
19889,11
19890,143
19891,36
19892,228
19893,2
19894,3
19895,4
19896,5
19897,6
19898,7
19899,23
19900,37
19901,37
19902,668
19903,144
19904,669
19905,405
19906,1360
19907,113
19908,113
19909,302
19910,90
19911,1361
19912,91
19913,229
19914,229
19915,1362
19917,145
19918,145
19919,491
19920,105
19922,15
19923,35
19924,1363
19925,3
19926,1364
19927,147
19928,303
19929,1365
19930,476
19931,44
19932,36
19933,1366
19934,4
19935,477
19936,231
19937,492
19938,493
19939,494
19940,495
19941,362
19942,363
19943,364
19944,365
19945,366
19946,406
19947,232
19948,878
19949,878
19950,1367
19951,45
19952,46
19953,1368
19954,47
19955,880
19956,304
19957,1369
19958,115
19959,1370
19960,8
19961,12
19962,27
19963,28
19964,105
19965,39
19966,670
19967,671
19968,672
19969,673
19970,496
19971,674
19972,40
19973,41
19974,116
19976,146
19977,146
19978,675
19979,676
19980,48
19981,1371
19982,92
19983,93
19984,116
19985,1372
19986,117
19987,1373
19988,1374
19990,4
19991,1375
19992,148
19993,596
19994,118
19995,233
19996,233
19997,597
19998,598
19999,235
20000,305
20001,305
20002,305
20003,305
20004,497
20005,1
20006,236
20007,881
20008,36
20009,13
20010,102
20011,201
20012,2
20014,49
20015,677
20016,1376
20017,882
20018,882
20019,678
20020,599
20021,679
20022,680
20023,119
20024,119
20025,119
20026,119
20027,49
20028,148
20029,19
20030,240
20031,202
20032,681
20033,682
20034,16
20035,3
20036,309
20037,407
20038,123
20039,42
20040,106
20041,94
20042,310
20043,311
20044,311
20045,311
20047,56
20048,57
20049,683
20050,124
20051,367
20052,29
20053,1377
20054,1377
20055,684
20056,125
20057,884
20058,1
20059,685
20060,1379
20061,1379
20062,50
20063,107
20064,108
20065,15
20066,368
20067,498
20068,16
20069,20
20070,478
20071,126
20072,127
20073,99
20074,128
20075,128
20076,686
20077,687
20078,688
20079,107
20080,203
20081,689
20082,57
20083,1381
20084,885
20085,148
20086,148
20087,148
20088,148
20089,148
20090,886
20091,1382
20092,1382
20094,887
20095,887
20096,889
20097,889
20098,237
20100,369
20101,600
20102,13
20103,30
20104,204
20105,499
20106,500
20107,501
20108,109
20109,31
20110,690
20111,181
20112,50
20113,502
20114,503
20115,504
20116,182
20117,95
20118,95
20119,691
20120,103
20121,104
20122,505
20123,37
20125,238
20126,601
20128,1
20129,5
20130,37
20131,37
20132,314
20133,130
20134,14
20135,110
20136,602
20137,891
20138,239
20139,91
20140,692
20141,58
20142,693
20143,240
20144,240
20145,131
20146,694
20147,694
20148,315
20149,1384
20151,2
20152,242
20153,892
20154,892
20155,892
20156,895
20157,895
20158,243
20159,506
20160,32
20161,155
20162,696
20163,3
20164,132
20165,244
20166,133
20167,479
20168,697
20169,108
20170,134
20171,245
20172,156
20173,246
20174,603
20175,1385
20176,1385
20177,1385
20178,1385
20179,1385
20180,368
20181,14
20182,15
20183,480
20184,247
20185,247
20186,247
20187,247
20188,92
20189,149
20190,150
20191,150
20192,698
20193,699
20194,700
20195,17
20196,17
20197,251
20198,252
20199,6
20200,147
20201,147
20202,6
20203,1390
20204,1391
20206,897
20207,481
20208,135
20209,135
20210,253
20211,10
20212,408
20214,16
20215,15
20216,63
20217,63
20218,33
20219,149
20220,241
20221,1392
20222,205
20223,316
20224,109
20225,898
20226,898
20227,898
20228,39
20229,137
20230,1393
20231,1393
20232,901
20233,65
20234,28
20235,28
20236,28
20237,28
20238,28
20239,5
20240,83
20241,33
20242,33
20243,33
20244,33
20245,33
20246,242
20247,507
20248,902
20249,604
20250,117
20251,348
20252,183
20253,317
20254,11
20255,12
20256,605
20257,37
20258,15
20259,370
20260,371
20261,372
20262,373
20263,153
20264,374
20265,5
20266,375
20267,13
20268,508
20269,21
20270,349
20271,65
20272,106
20273,107
20274,16
20275,192
20276,17
20277,482
20278,483
20279,484
20280,485
20281,206
20282,318
20283,254
20284,701
20289,903
20297,106
20303,904
20306,255
20311,1395
20312,1395
20313,193
20315,184
20316,152
20317,152
20318,486
20319,702
20320,50
20321,121
20322,509
20323,376
20324,207
20326,319
20328,606
20329,157
20330,320
20332,84
20333,17
20334,17
20335,194
20336,6
20337,8
20339,40
20340,607
20341,20
20342,21
20343,185
20344,6
20345,93
20346,19
20347,22
20348,321
20349,1397
20350,703
20351,94
20352,95
20353,96
20354,1398
20355,51
20356,52
20358,53
20359,97
20360,510
20361,23
20362,369
20363,370
20364,371
20365,66
20367,34
20368,1399
20370,67
20371,208
20372,1400
20373,19
20374,1401
20375,44
20376,149
20377,243
20378,14
20379,20
20380,20
20381,15
20382,1
20383,107
20385,2
20386,511
20387,54
20389,137
20390,138
20391,704
20392,16
20393,1402
20394,1402
20395,1402
20396,1402
20397,1402
20398,85
20399,377
20400,377
20401,139
20402,379
20403,140
20404,41
20405,350
20406,21
20407,150
20408,151
20409,512
20410,513
20411,514
20412,515
20413,6
20414,1
20415,2
20416,42
20417,9
20418,43
20419,35
20420,36
20421,122
20422,1
20423,102
20424,43
20425,23
20426,7
20427,10
20428,11
20429,322
20430,323
20433,705
20435,37
20436,158
20437,487
20438,38
20439,38
20440,1407
20441,1407
20442,488
20443,489
20444,490
20445,491
20446,492
20447,40
20448,44
20449,7
20450,7
20451,7
20452,7
20453,7
20454,7
20455,7
20456,7
20457,15
20458,45
20459,380
20460,516
20461,45
20462,517
20463,493
20464,324
20465,381
20466,141
20467,46
20468,706
20469,905
20470,154
20471,1409
20472,1410
20474,325
20475,24
20476,24
20477,326
20478,1411
20479,1412
20480,1413
20481,98
20482,21
20483,22
20484,23
20485,209
20486,210
20487,25
20488,25
20489,51
20490,211
20491,17
20492,41
20493,18
20494,494
20495,1414
20496,1415
20497,1416
20498,382
20499,383
20500,384
20501,1417
20502,1418
20503,1419
20504,1420
20505,1421
20506,1422
20507,1423
20508,1424
20509,1425
20510,1426
20511,1427
20512,1428
20513,495
20514,496
20515,1429
20516,1430
20517,1431
20518,497
20519,1432
20520,1433
20521,1434
20522,1435
20523,1436
20524,1437
20525,1438
20526,1439
20527,1440
20528,1441
20529,1442
20530,1443
20531,1444
20532,1445
20533,1446
20534,27
20535,1447
20536,1448
20537,1449
20538,1450
20539,1451
20540,1452
20541,1453
20542,1454
20543,1455
20544,1456
20545,1457
20546,1458
20547,1459
20548,1460
20549,1461
20550,105
20551,1462
20552,518
20553,7
20554,1463
20555,1464
20556,1465
20557,46
20558,519
20559,520
20560,42
20561,17
20562,142
20563,1466
20564,1467
20565,1468
20566,1469
20567,1470
20568,1471
20569,1472
20570,1473
20571,1474
20572,256
20573,1475
20574,1476
20575,1477
20576,1478
20577,1479
20578,1480
20579,1481
20580,1482
20581,1483
20582,1484
20583,1485
20584,1486
20585,1487
20586,1488
20587,1489
20588,707
20589,707
20590,52
20591,110
20592,53
20593,1490
20594,1491
20595,257
20596,1492
20597,1493
20598,258
20599,54
20600,21
20601,327
20602,55
20603,56
20604,86
20605,86
20606,86
20607,86
20608,86
20609,86
20610,86
20611,86
20612,86
20613,86
20614,86
20615,86
20616,86
20617,86
20618,86
20619,259
20620,111
20621,28
20622,25
20623,57
20624,9
20625,10
20626,608
20627,55
20628,47
20629,143
20630,498
20631,144
20632,499
20633,145
20634,500
20635,501
20636,709
20637,710
20638,155
20639,58
20640,502
20641,503
20642,24
20643,1
20644,22
20645,328
20646,18
20647,260
20648,261
20649,262
20650,43
20651,11
20652,12
20653,25
20654,18
20655,19
20656,101
20657,48
20658,5
20659,102
20660,13
20661,14
20662,103
20665,111
20666,112
20667,113
20668,104
20670,105
20672,19
20673,609
20674,112
20675,610
20676,123
20677,124
20678,125
20679,521
20680,522
20681,114
20682,504
20683,126
20684,372
20685,372
20686,374
20687,375
20688,23
20689,24
20690,26
20692,12
20694,385
20695,59
20696,1494
20697,1495
20698,1496
20699,1497
20700,1498
20702,97
20703,13
20704,113
20705,44
20706,44
20707,98
20708,49
20709,263
20710,212
20711,22
20712,711
20713,1499
20714,50
20715,50
20716,50
20717,50
20718,1500
20719,505
20720,99
20721,1501
20722,23
20723,329
20724,146
20725,351
20726,906
20727,906
20729,1
20730,244
20731,611
20732,54
20733,213
20734,55
20735,147
20736,114
20737,908
20738,2
20739,24
20740,409
20741,264
20742,25
20743,410
20744,411
20745,1502
20746,1502
20747,17
20748,20
20750,265
20751,4
20752,118
20753,712
20754,60
20755,1504
20756,909
20757,909
20758,909
20759,909
20760,909
20761,909
20762,38
20763,61
20764,148
20765,1
20766,62
20767,245
20768,245
20769,245
20770,245
20771,245
20772,245
20773,612
20774,29
20775,29
20776,29
20777,29
20778,29
20779,29
20780,47
20781,56
20782,3
20783,48
20784,14
20785,15
20786,16
20787,713
20788,63
20789,64
20790,251
20791,266
20792,65
20793,376
20794,1505
20795,1506
20796,267
20797,35
20798,35
20799,35
20800,613
20801,49
20802,50
20803,506
20804,507
20805,508
20806,331
20807,46
20808,46
20809,352
20810,352
20811,268
20812,269
20813,51
20814,51
20815,332
20816,119
20817,103
20818,66
20819,38
20820,39
20821,523
20822,44
20823,44
20824,44
20825,44
20826,44
20827,44
20828,44
20829,44
20830,44
20831,48
20832,1507
20833,27
20834,915
20835,16
20836,20
20837,21
20838,38
20839,115
20841,106
20842,107
20843,57
20844,333
20845,333
20846,17
20847,39
20848,714
20849,214
20850,412
20851,270
20852,1508
20853,271
20854,116
20855,58
20856,215
20857,310
20858,311
20859,312
20860,313
20861,314
20862,314
20863,316
20864,316
20865,316
20866,319
20867,715
20868,715
20869,216
20870,413
20871,40
20872,414
20873,104
20874,1
20875,117
20876,717
20877,717
20878,717
20879,320
20880,320
20881,320
20882,14
20883,15
20884,1509
20885,59
20887,108
20888,108
20889,108
20890,108
20891,108
20892,720
20893,53
20894,53
20895,53
20896,53
20897,53
20898,53
20899,53
20900,53
20901,53
20902,53
20903,53
20904,53
20905,53
20906,53
20907,53
20908,53
20909,53
20910,1510
20911,41
20912,18
20913,1
20914,156
20915,323
20916,324
20917,325
20918,326
20919,721
20920,721
20921,137
20922,327
20923,138
20924,19
20925,2
20926,252
20927,252
20928,70
20929,70
20930,70
20931,70
20932,70
20933,70
20934,328
20935,20
20936,254
20937,254
20938,254
20939,254
20940,254
20941,259
20942,260
20943,261
20944,329
20945,76
20946,76
20947,76
20948,76
20949,76
20950,76
20951,76
20952,262
20953,262
20955,330
20956,331
20957,332
20958,333
20959,334
20960,334
20961,334
20962,334
20963,264
20964,265
20965,524
20966,525
20967,1511
20968,1512
20969,118
20970,11
20971,60
20972,83
20973,83
20974,83
20975,83
20976,83
20977,83
20978,83
20979,83
20980,83
20981,83
20982,83
20983,119
20985,44
20986,68
20987,217
20988,1513
20989,16
20990,526
20991,386
20992,387
20993,527
20994,2
20995,2
20996,2
20997,94
20998,94
20999,94
21000,4
21001,1514
21002,69
21003,257
21005,266
21006,106
21007,107
21008,120
21009,267
21010,26
21011,268
21012,269
21013,61
21014,108
21015,26
21016,338
21017,339
21018,339
21019,270
21020,723
21021,115
21023,195
21024,27
21025,272
21026,273
21027,274
21028,274
21029,274
21030,341
21031,342
21032,528
21033,1515
21034,343
21035,218
21036,219
21037,108
21038,529
21039,27
21040,28
21041,29
21042,277
21043,277
21044,279
21045,280
21046,70
21047,30
21048,281
21049,5
21050,344
21051,196
21052,7
21053,345
21054,346
21055,116
21056,347
21057,348
21058,349
21059,97
21060,97
21061,97
21062,97
21063,97
21064,8
21065,21
21066,354
21067,354
21068,220
21069,350
21070,1
21071,415
21072,416
21073,388
21074,389
21075,221
21076,109
21077,110
21078,129
21080,417
21081,330
21082,331
21083,66
21084,418
21085,62
21087,152
21088,282
21089,283
21090,356
21091,284
21092,102
21093,102
21094,102
21095,102
21096,102
21097,102
21098,102
21099,102
21102,153
21103,130
21104,390
21105,391
21106,419
21108,285
21109,17
21110,286
21111,31
21112,357
21113,377
21114,916
21115,420
21116,113
21117,114
21118,614
21119,287
21120,71
21121,71
21122,271
21123,358
21124,120
21125,1
21126,272
21127,288
21128,131
21129,332
21130,332
21131,332
21132,110
21133,111
21135,289
21136,111
21137,112
21138,112
21139,359
21140,132
21141,421
21143,31
21144,360
21145,360
21146,6
21147,32
21148,290
21149,291
21150,1516
21151,58
21152,56
21153,222
21154,223
21155,112
21156,112
21157,112
21158,112
21159,112
21160,112
21161,112
21162,112
21163,112
21164,121
21165,49
21166,50
21167,122
21168,122
21169,7
21170,1
21171,73
21172,32
21173,28
21174,2
21175,917
21176,351
21177,352
21178,124
21179,124
21180,124
21181,124
21182,124
21183,124
21184,124
21185,124
21186,124
21187,224
21188,353
21189,354
21190,355
21191,422
21192,159
21193,18
21194,18
21195,18
21196,18
21197,133
21198,33
21199,149
21200,150
21201,1517
21202,160
21203,292
21204,161
21205,918
21206,615
21207,616
21208,293
21209,134
21210,51
21211,3
21212,4
21214,74
21215,5
21216,6
21217,63
21218,1
21219,7
21220,8
21221,9
21222,294
21223,10
21224,11
21225,127
21226,12
21227,13
21228,14
21229,617
21230,15
21231,16
21232,17
21233,18
21234,19
21235,20
21236,21
21237,22
21238,154
21239,530
21240,356
21241,155
21242,156
21243,157
21244,423
21245,1518
21246,357
21247,21
21248,618
21249,358
21250,359
21251,359
21252,919
21253,23
21254,23
21255,25
21256,34
21257,361
21258,35
21259,26
21260,151
21263,273
21264,273
21265,273
21266,273
21267,273
21268,273
21269,273
21270,273
21271,273
21272,273
21273,273
21274,295
21275,27
21276,28
21277,920
21278,117
21279,29
21280,30
21281,31
21282,296
21283,42
21284,362
21285,362
21286,362
21287,43
21288,297
21289,298
21290,299
21291,299
21292,619
21293,57
21294,9
21295,301
21296,121
21297,365
21298,365
21299,367
21300,302
21301,303
21302,368
21303,369
21304,225
21305,370
21306,371
21307,133
21308,105
21309,40
21310,372
21311,373
21312,374
21313,375
21314,375
21315,134
21316,134
21317,134
21318,134
21319,134
21320,134
21321,134
21322,134
21323,134
21324,134
21325,134
21326,134
21327,134
21328,134
21329,134
21330,134
21331,134
21332,134
21333,134
21334,377
21335,378
21336,379
21337,379
21338,381
21339,382
21340,383
21341,383
21342,424
21343,425
21344,378
21345,284
21346,285
21347,285
21348,921
21349,921
21350,921
21351,921
21352,921
21353,921
21354,921
21355,921
21356,921
21357,921
21358,921
21359,1
21360,724
21361,724
21362,724
21363,426
21364,114
21365,52
21366,53
21367,620
21368,621
21369,932
21370,121
21371,158
21372,99
21373,159
21374,122
21375,100
21376,385
21377,153
21378,153
21379,153
21380,386
21381,287
21382,4
21383,727
21384,288
21385,289
21386,427
21387,387
21388,5
21389,1
21390,162
21391,162
21392,622
21393,623
21394,67
21395,428
21396,164
21397,531
21398,532
21399,388
21400,304
21401,7
21402,2
21403,19
21405,305
21406,306
21407,108
21408,307
21409,123
21410,308
21411,389
21412,389
21413,391
21414,392
21415,393
21416,394
21417,395
21418,395
21419,68
21420,69
21421,226
21422,36
21423,728
21424,728
21425,933
21426,290
21427,70
21428,71
21429,624
21430,625
21431,626
21432,291
21433,291
21434,291
21435,627
21436,309
21437,429
21438,53
21442,934
21443,397
21444,58
21445,430
21446,54
21447,54
21448,54
21449,57
21450,58
21451,59
21452,294
21453,294
21454,398
21456,399
21457,32
21458,400
21459,118
21460,401
21461,2
21462,2
21463,227
21464,3
21465,124
21466,125
21467,935
21468,156
21469,156
21470,156
21471,156
21472,156
21473,156
21474,156
21475,936
21476,402
21477,402
21478,115
21479,2
21480,8
21481,109
21482,7
21483,4
21484,730
21485,730
21486,37
21487,72
21488,937
21489,938
21490,60
21491,73
21492,74
21493,939
21494,939
21495,939
21496,939
21497,28
21498,106
21499,157
21500,29
21501,404
21502,2
21503,2
21504,2
21505,2
21506,405
21507,6
21508,6
21509,406
21510,407
21511,408
21512,408
21513,107
21514,110
21515,111
21516,112
21517,410
21518,411
21520,59
21523,8
21524,8
21525,8
21526,412
21527,533
21528,413
21529,414
21531,160
21532,534
21533,535
21534,108
21535,536
21536,11
21537,109
21538,110
21539,111
21540,112
21541,59
21542,30
21543,296
21544,296
21545,296
21546,296
21547,12
21548,12
21549,12
21550,12
21551,41
21552,2
21553,31
21554,16
21555,16
21556,16
21557,16
21558,20
21559,22
21560,415
21561,75
21562,76
21563,29
21564,122
21565,75
21566,732
21567,732
21568,732
21569,76
21570,77
21571,735
21574,416
21575,416
21576,416
21577,100
21578,1519
21579,165
21580,166
21581,32
21582,60
21583,21
21584,61
21585,22
21586,23
21587,24
21588,24
21589,26
21590,27
21591,28
21592,167
21593,168
21594,29
21595,30
21596,8
21597,419
21598,77
21599,228
21600,78
21601,628
21602,629
21603,736
21604,10
21605,42
21606,42
21607,31
21608,335
21609,9
21610,51
21611,20
21612,32
21613,119
21614,18
21615,100
21616,420
21617,33
21618,421
21619,79
21620,23
21621,422
21622,423
21623,424
21624,44
21625,431
21626,432
21627,425
21628,737
21629,1520
21630,1521
21631,1522
21632,1523
21633,426
21634,336
21635,337
21636,338
21637,339
21638,45
21639,34
21640,113
21641,340
21642,46
21643,738
21644,115
21645,115
21646,115
21647,115
21648,427
21649,428
21650,429
21651,430
21652,229
21653,169
21654,170
21655,52
21656,171
21657,120
21658,38
21659,3
21660,3
21661,1
21662,943
21663,300
21664,301
21665,2
21666,172
21667,2
21668,54
21669,163
21670,163
21671,163
21672,163
21673,163
21674,163
21675,163
21676,163
21677,163
21678,163
21679,163
21680,163
21681,163
21682,163
21683,163
21684,163
21685,163
21686,163
21687,181
21688,433
21689,161
21690,22
21691,23
21692,35
21693,33
21694,78
21695,431
21696,431
21697,431
21698,79
21699,173
21700,230
21701,126
21702,127
21703,128
21704,129
21705,130
21706,1524
21707,152
21708,739
21709,8
21710,24
21711,60
21712,25
21713,55
21714,1525
21715,1526
21716,1526
21717,9
21718,434
21719,34
21720,24
21721,435
21722,35
21723,537
21724,21
21725,630
21726,631
21727,632
21728,633
21729,740
21730,538
21731,539
21732,8
21733,2
21734,109
21735,26
21736,1528
21737,1528
21738,9
21739,29
21740,30
21741,61
21743,119
21744,120
21745,9
21746,110
21747,114
21748,115
21749,116
21750,182
21751,182
21752,182
21753,182
21754,182
21755,182
21756,182
21757,182
21758,182
21759,182
21760,182
21761,5
21762,7
21763,193
21764,123
21765,47
21766,231
21767,436
21768,437
21769,437
21770,36
21771,27
21772,131
21773,439
21774,741
21775,741
21776,741
21777,741
21778,302
21779,302
21780,302
21781,944
21782,944
21783,944
21784,944
21785,944
21786,305
21787,305
21788,305
21789,305
21790,305
21791,634
21792,635
21793,84
21794,61
21795,61
21796,117
21797,135
21798,118
21799,310
21800,1
21801,37
21802,362
21803,85
21804,101
21805,174
21806,949
21807,949
21808,949
21809,952
21810,1530
21812,636
21813,637
21814,1531
21815,2
21816,33
21817,363
21818,363
21819,363
21820,366
21821,638
21822,639
21823,197
21824,121
21825,124
21826,6
21827,122
21828,367
21829,17
21830,38
21831,440
21832,434
21833,341
21834,342
21835,48
21836,7
21837,232
21838,953
21839,175
21840,5
21841,435
21842,116
21843,119
21844,123
21845,509
21846,120
21847,510
21848,511
21849,121
21851,512
21852,124
21853,18
21854,102
21855,63
21856,10
21857,3
21858,19
21859,233
21860,34
21861,49
21862,745
21863,745
21864,745
21865,745
21866,745
21867,745
21868,745
21869,745
21870,44
21871,39
21872,153
21873,39
21874,176
21875,177
21876,441
21877,19
21878,103
21879,186
21880,1532
21881,11
21882,954
21883,954
21884,436
21885,437
21886,20
21887,753
21888,20
21889,442
21890,8
21891,39
21892,443
21893,187
21894,50
21895,50
21896,258
21897,438
21898,188
21899,439
21900,754
21901,40
21902,53
21903,189
21904,379
21905,392
21906,40
21907,40
21908,104
21909,440
21910,441
21911,40
21912,4
21913,5
21914,190
21915,8
21916,9
21917,442
21918,310
21919,310
21920,10
21921,10
21922,25
21923,21
21926,42
21927,6
21928,118
21929,3
21930,194
21931,194
21932,194
21933,194
21934,194
21935,1
21936,22
21937,6
21938,191
21939,43
21940,1533
21941,1533
21942,31
21943,119
21944,120
21945,755
21946,6
21947,444
21948,444
21949,21
21950,1
21951,11
21953,7
21954,1535
21955,1536
21956,22
21957,4
21958,11
21959,162
21960,8
21961,3
21962,12
21963,4
21964,9
21965,2
21966,28
21967,1537
21968,122
21969,1538
21970,125
21971,1539
21972,41
21973,446
21974,199
21975,199
21976,199
21977,756
21978,756
21979,756
21980,759
21981,11
21982,760
21983,54
21984,234
21985,10
21986,55
21987,44
21988,44
21989,761
21990,5
21991,5
21992,56
21993,956
21994,2
21995,38
21996,443
21997,762
21998,11
21999,12
22000,957
22001,958
22002,3
22003,12
22004,23
22005,24
22006,80
22007,42
22008,43
22009,44
22010,132
22011,45
22012,7
22014,202
22015,3
22016,154
22017,4
22018,13
22019,6
22020,23
22021,121
22022,81
22023,3
22024,198
22025,199
22026,1540
22027,82
22028,513
22029,3
22030,1541
22031,5
22032,1542
22033,14
22034,133
22035,13
22036,12
22037,15
22038,16
22039,59
22040,35
22041,763
22042,959
22043,960
22044,960
22045,960
22046,963
22047,1543
22048,1544
22049,17
22051,12
22052,7
22053,1545
22054,964
22055,380
22056,965
22057,105
22058,966
22059,1
22060,26
22061,128
22062,30
22063,393
22064,7
22065,57
22066,155
22067,235
22068,444
22069,447
22070,394
22071,1546
22072,52
22073,445
22074,1547
22075,1548
22076,1549
22077,1550
22078,1
22079,2
22080,368
22081,967
22082,967
22083,3
22084,6
22085,446
22086,62
22087,31
22088,60
22089,969
22090,970
22091,381
22092,382
22093,36
22094,4
22095,192
22096,764
22097,764
22098,764
22099,764
22100,764
22101,764
22102,764
22103,395
22104,193
22105,971
22106,971
22107,771
22108,771
22109,771
22110,774
22111,774
22112,774
22113,121
22114,777
22115,777
22116,777
22117,777
22118,122
22119,122
22120,61
22121,1551
22122,447
22123,194
22124,122
22125,45
22126,8
22127,195
22128,195
22129,46
22130,123
22131,47
22132,9
22133,781
22134,781
22135,781
22136,781
22137,781
22138,781
22139,781
22140,236
22141,237
22142,32
22143,1552
22144,200
22145,124
22146,788
22147,788
22148,788
22149,788
22150,788
22151,788
22152,178
22153,179
22154,106
22155,448
22156,1553
22157,448
22158,63
22159,973
22160,1554
22161,1554
22162,125
22163,27
22164,449
22165,9
22166,794
22167,123
22168,124
22169,48
22170,125
22171,126
22172,127
22173,1556
22174,111
22175,64
22176,795
22177,795
22178,795
22179,795
22180,795
22181,795
22182,795
22183,795
22184,795
22186,112
22187,49
22188,49
22189,49
22190,52
22192,33
22193,14
22194,136
22195,22
22196,53
22197,10
22198,54
22199,180
22200,181
22201,1557
22202,53
22203,53
22204,53
22205,53
22206,53
22207,53
22208,53
22209,449
22210,1558
22211,804
22212,396
22213,15
22214,46
22215,312
22216,450
22217,313
22218,16
22219,314
22220,11
22221,451
22223,315
22224,452
22225,60
22226,182
22227,343
22229,805
22231,1
22232,316
22233,183
22234,61
22235,974
22236,117
22237,317
22238,4
22239,369
22240,318
22241,319
22242,320
22243,321
22244,344
22245,322
22247,124
22248,34
22250,323
22251,324
22252,325
22253,326
22254,201
22255,327
22256,1
22257,806
22258,125
22259,126
22260,184
22261,397
22262,80
22263,80
22264,127
22265,514
22266,62
22267,515
22268,63
22269,1
22270,64
22271,83
22272,64
22273,2
22274,35
22275,202
22276,25
22279,65
22280,22
22281,398
22282,399
22283,47
22284,84
22285,85
22286,2
22287,3
22288,4
22289,128
22290,1559
22291,345
22292,328
22293,329
22294,330
22295,346
22296,347
22297,331
22298,348
22299,332
22300,203
22303,1
22304,335
22305,238
22306,450
22307,451
22308,452
22309,23
22312,1560
22313,1560
22314,1560
22315,5
22316,807
22317,6
22318,185
22319,186
22320,453
22321,453
22322,204
22323,203
22324,203
22325,203
22326,203
22327,203
22328,203
22329,333
22330,334
22331,28
22332,975
22333,975
22334,975
22335,978
22336,978
22337,978
22338,981
22339,455
22340,205
22341,206
22342,207
22343,64
22344,82
22345,113
22346,7
22347,66
22348,66
22349,66
22351,456
22352,69
22353,70
22354,70
22355,8
22356,4
22357,9
22358,29
22359,24
22360,25
22361,208
22362,23
22363,7
22364,453
22365,239
22366,311
22367,3
22368,3
22369,134
22370,72
22371,129
22372,83
22374,335
22375,454
22376,336
22377,337
22378,1
22379,197
22380,457
22381,209
22382,370
22383,370
22384,84
22385,85
22386,372
22387,73
22388,373
22389,240
22390,808
22391,74
22392,982
22393,809
22394,1563
22395,1564
22396,400
22397,401
22398,156
22399,75
22400,76
22401,516
22402,517
22403,12
22404,1
22405,128
22406,518
22407,519
22408,26
22409,983
22411,2
22415,241
22416,36
22417,374
22418,65
22419,66
22420,107
22421,77
22422,86
22423,810
22426,55
22427,1565
22428,37
22429,2
22430,210
22431,984
22432,157
22433,1566
22434,985
22435,986
22436,198
22437,55
22441,65
22442,199
22443,338
22444,338
22445,520
22446,340
22447,341
22448,200
22449,126
22450,3
22451,201
22452,4
22453,458
22454,459
22455,375
22456,375
22460,242
22461,87
22462,1567
22463,1567
22464,1569
22465,78
22466,78
22467,342
22468,342
22469,342
22470,342
22471,88
22472,1570
22473,3
22476,2
22477,1571
22478,1572
22479,13
22480,987
22481,988
22482,455
22483,456
22484,989
22485,989
22486,1573
22487,1574
22488,8
22489,65
22490,66
22491,1575
22492,521
22494,66
22495,522
22497,243
22498,811
22499,1576
22500,4
22501,1577
22502,1577
22503,1577
22504,991
22505,457
22506,458
22507,80
22508,80
22509,1580
22510,992
22511,48
22512,211
22513,211
22515,377
22516,377
22517,82
22518,67
22519,68
22520,27
22521,27
22522,27
22523,27
22524,27
22525,27
22526,27
22527,27
22528,27
22529,27
22530,27
22531,27
22532,27
22533,27
22534,27
22535,27
22536,27
22537,27
22538,27
22539,27
22540,27
22541,27
22542,27
22543,202
22544,202
22545,202
22546,56
22547,379
22548,379
22549,379
22550,379
22551,379
22552,379
22553,379
22554,379
22555,379
22556,379
22557,379
22558,379
22559,379
22560,379
22561,379
22562,379
22563,379
22564,379
22565,379
22566,379
22567,379
22568,379
22569,379
22570,379
22571,379
22572,379
22573,379
22574,379
22575,379
22579,2
22580,523
22581,524
22583,38
22584,408
22585,39
22586,40
22587,114
22588,205
22589,205
22590,259
22591,260
22592,261
22593,262
22594,263
22595,264
22596,265
22597,266
22598,267
22599,268
22600,269
22601,270
22602,271
22603,272
22604,26
22605,9
22606,273
22607,4
22608,244
22609,812
22610,3
22611,67
22612,5
22613,49
22614,10
22615,459
22616,11
22617,12
22620,1
22621,525
22622,13
22623,14
22624,3
22625,526
22626,207
22627,527
22628,1
22629,2
22630,3
22631,813
22632,814
22633,815
22634,815
22635,815
22636,815
22637,15
22639,409
22640,86
22641,89
22642,819
22643,819
22644,819
22645,819
22647,16
22648,1
22649,39
22650,208
22651,346
22652,347
22653,348
22654,245
22655,2
22656,349
22657,69
22658,70
22659,460
22660,118
22661,119
22662,3
22663,90
22664,640
22665,68
22666,17
22667,91
22668,1581
22669,101
22670,528
22671,529
22672,1582
22673,530
22674,349
22675,349
22676,351
22677,56
22679,57
22680,5
22681,13
22682,209
22683,210
22684,210
22685,210
22686,210
22687,210
22688,210
22689,210
22690,246
22691,129
22692,247
22693,108
22694,461
22695,3
22696,352
22697,4
22698,823
22699,353
22700,22
22701,71
22702,40
22703,350
22704,50
22705,209
22706,127
22707,217
22708,218
22709,248
22710,824
22711,18
22712,102
22713,825
22714,1
22715,92
22716,51
22717,69
22718,2
22720,10
22721,72
22722,1
22723,993
22724,994
22725,58
22726,59
22728,29
22729,130
22730,219
22731,14
22732,220
22733,540
22734,402
22735,403
22736,531
22737,532
22738,1583
22739,109
22740,9
22741,410
22742,1
22745,411
22746,412
22747,533
22748,15
22749,1584
22750,1585
22751,534
22752,535
22753,5
22754,3
22755,4
22756,413
22757,221
22758,110
22759,87
22760,1586
22761,249
22762,111
22763,1587
22764,1588
22765,995
22766,3
22767,826
22768,826
22769,88
22770,996
22771,158
22772,103
22773,997
22774,128
22775,128
22776,128
22777,128
22778,89
22779,159
22780,83
22781,83
22782,83
22783,641
22784,642
22785,52
22786,125
22787,5
22788,163
22789,1
22790,998
22791,73
22792,536
22793,60
22794,537
22795,538
22796,828
22797,829
22801,250
22802,539
22803,540
22804,53
22805,160
22806,161
22807,830
22808,5
22809,41
22810,86
22811,213
22812,132
22813,87
22814,87
22815,462
22816,1589
22817,463
22818,541
22819,30
22820,89
22821,3
22822,61
22823,2
22824,90
22825,120
22826,3
22828,1
22829,541
22830,91
22831,831
22832,831
22833,831
22834,999
22835,23
22836,24
22837,11
22838,25
22839,26
22840,4
22841,129
22842,130
22843,643
22844,131
22845,86
22846,644
22847,2
22848,4
22849,30
22850,222
22851,93
22852,834
22853,835
22854,351
22855,352
22856,126
22857,404
22858,405
22859,406
22860,406
22861,836
22862,27
22863,28
22864,312
22865,14
22866,6
22868,354
22869,92
22870,542
22871,543
22872,132
22873,133
22874,544
22875,383
22876,384
22877,645
22878,134
22879,385
22880,135
22881,545
22882,223
22883,62
22884,214
22885,214
22886,460
22887,3
22888,224
22889,12
22890,13
22891,837
22892,74
22893,75
22894,4
22895,386
22896,386
22897,386
22898,7
22899,838
22900,838
22901,162
22902,353
22903,56
22904,93
22905,1
22906,1
22907,1
22908,1
22909,1
22910,1
22911,1
22912,1590
22913,1591
22914,104
22915,210
22916,225
22917,29
22918,5
22919,30
22920,546
22921,57
22922,414
22923,461
22924,19
22925,20
22926,542
22927,313
22928,462
22929,389
22930,390
22931,543
22932,840
22933,274
22934,152
22935,152
22936,152
22937,415
22938,416
22939,8
22940,24
22941,547
22943,336
22944,548
22945,463
22946,4
22947,5
22948,2
22949,464
22951,465
22952,63
22953,9
22954,417
22955,64
22956,64
22957,6
22958,4
22959,8
22960,466
22961,467
22962,549
22963,130
22964,468
22965,469
22966,550
22967,551
22968,127
22969,3
22970,5
22971,841
22972,552
22973,464
22974,553
22975,1592
22976,1593
22977,1594
22978,105
22979,2
22980,21
22981,128
22982,1595
22983,1596
22984,22
22985,9
22986,10
22987,66
22988,646
22989,94
22990,94
22991,94
22992,94
22993,94
22994,94
22995,94
22996,94
22997,94
22998,1597
22999,1597
23000,23
23001,1599
23002,1599
23003,647
23004,24
23005,25
23006,31
23008,26
23009,1
23010,27
23011,554
23012,28
23013,2
23014,1000
23015,1
23016,251
23018,10
23019,314
23020,24
23021,103
23022,842
23023,842
23024,76
23025,77
23026,78
23027,112
23028,46
23029,113
23030,1601
23031,1602
23032,114
23033,115
23034,5
23035,29
23036,30
23037,6
23038,226
23039,3
23040,1001
23041,1001
23042,1003
23043,1003
23044,227
23045,67
23046,67
23047,555
23048,556
23049,216
23050,216
23051,216
23052,216
23053,216
23054,216
23056,354
23057,15
23058,844
23059,4
23061,31
23062,32
23063,47
23064,252
23065,33
23066,34
23067,35
23068,36
23069,37
23070,1005
23071,38
23072,11
23073,39
23074,40
23075,1006
23076,41
23077,42
23078,355
23079,43
23080,222
23081,44
23083,94
23084,465
23085,466
23086,95
23087,1603
23088,1604
23089,648
23090,116
23091,649
23092,1605
23093,211
23094,1606
23095,16
23096,467
23097,1007
23098,1007
23099,1007
23100,1007
23101,1011
23102,1011
23103,1011
23104,1011
23105,1607
23106,69
23107,7
23108,223
23109,223
23110,223
23111,253
23112,45
23113,408
23114,409
23115,117
23116,118
23117,135
23118,1608
23119,1609
23120,845
23121,1610
23122,163
23123,46
23124,70
23125,8
23126,544
23127,4
23128,2
23129,3
23130,4
23131,5
23132,6
23133,7
23134,8
23135,9
23136,418
23137,418
23138,418
23139,418
23140,418
23141,54
23142,355
23143,356
23145,1611
23146,1612
23147,254
23148,1613
23149,55
23150,104
23151,357
23152,358
23153,1614
23154,1615
23155,119
23156,3
23157,17
23158,255
23159,228
23160,229
23161,545
23162,230
23163,129
23164,130
23165,423
23166,423
23167,423
23168,423
23169,423
23170,423
23171,423
23172,423
23173,546
23174,547
23175,548
23176,7
23177,37
23178,8
23179,38
23180,337
23181,275
23182,4
23183,1616
23184,5
23185,9
23186,549
23187,41
23188,115
23189,87
23190,88
23191,89
23192,116
23193,117
23194,431
23197,1
23198,231
23199,231
23200,15
23201,557
23202,226
23203,226
23204,226
23205,226
23206,226
23207,226
23208,226
23209,226
23210,226
23211,226
23212,226
23213,226
23214,226
23215,226
23216,226
23217,226
23218,226
23219,226
23220,226
23221,226
23222,226
23223,226
23224,226
23225,226
23226,226
23227,226
23228,226
23229,47
23230,48
23231,49
23232,50
23233,51
23234,846
23235,846
23236,256
23237,150
23238,79
23239,1617
23240,848
23241,848
23242,90
23243,131
23244,850
23245,56
23246,187
23247,67
23248,432
23249,58
23250,359
23251,360
23252,361
23253,558
23254,27
23255,851
23256,105
23257,6
23258,1618
23259,1619
23260,121
23261,410
23262,852
23263,164
23264,164
23265,164
23266,164
23267,164
23268,169
23270,91
23271,92
23272,93
23273,16
23274,170
23275,170
23276,170
23277,170
23278,14
23279,650
23280,651
23281,174
23282,175
23283,132
23284,176
23285,52
23286,32
23287,1620
23288,94
23289,853
23290,468
23291,177
23292,188
23293,178
23294,15
23295,854
23296,854
23297,854
23298,469
23299,470
23300,106
23301,857
23302,10
23303,858
23304,858
23305,16
23306,7
23307,362
23308,212
23309,11
23310,53
23311,133
23312,39
23313,158
23315,134
23316,25
23317,860
23318,62
23319,107
23320,861
23321,861
23322,861
23323,652
23324,653
23325,8
23326,1621
23327,57
23328,57
23329,864
23330,864
23331,864
23332,864
23333,17
23334,19
23335,19
23336,471
23337,1
23338,276
23339,18
23340,151
23341,152
23342,12
23343,213
23344,472
23346,1622
23347,11
23348,868
23349,868
23350,868
23351,871
23352,9
23353,59
23354,179
23355,21
23356,180
23357,181
23358,59
23359,96
23360,97
23361,1
23362,6
23364,108
23365,10
23367,17
23368,42
23369,257
23370,258
23371,19
23372,135
23373,22
23375,23
23376,10
23377,80
23378,81
23379,136
23380,1
23381,550
23382,433
23383,433
23384,137
23385,7
23386,138
23387,259
23388,136
23389,90
23390,137
23392,17
23393,109
23394,109
23395,109
23396,109
23397,109
23398,109
23399,109
23400,109
23401,363
23402,654
23403,559
23404,122
23405,391
23406,392
23407,560
23408,58
23409,655
23410,33
23411,551
23412,139
23413,140
23415,11
23416,2
23417,2
23418,141
23419,1015
23420,26
23421,6
23422,315
23423,260
23424,18
23425,435
23428,159
23429,160
23430,161
23431,2
23432,120
23433,82
23434,83
23435,1016
23436,656
23437,657
23439,658
23440,436
23441,1
23442,117
23443,473
23444,6
23445,437
23446,438
23447,253
23448,253
23449,253
23450,253
23451,253
23452,253
23453,253
23454,253
23455,253
23456,24
23457,439
23458,439
23459,98
23460,261
23461,138
23462,131
23463,132
23464,262
23465,68
23466,872
23467,872
23468,263
23469,874
23470,874
23471,364
23472,659
23473,660
23474,99
23475,60
23476,474
23477,12
23478,12
23479,55
23480,441
23481,442
23482,2
23483,118
23484,118
23485,262
23486,443
23487,444
23488,444
23489,182
23490,182
23491,153
23492,18
23493,264
23494,475
23495,476
23496,154
23497,477
23498,478
23499,1
23500,123
23501,28
23502,1017
23503,124
23504,1018
23505,162
23506,163
23507,164
23508,32
23510,1
23511,479
23512,480
23513,481
23514,446
23515,552
23516,25
23517,553
23518,554
23519,69
23520,4
23521,447
23522,447
23523,447
23524,447
23525,447
23526,214
23527,71
23528,265
23529,265
23530,265
23531,265
23532,265
23533,265
23534,265
23535,265
23536,265
23537,265
23538,265
23539,265
23540,265
23541,5
23543,13
23544,139
23547,2
23548,452
23549,452
23550,452
23551,555
23552,20
23553,3
23554,4
23555,556
23556,70
23557,71
23558,5
23559,126
23560,2
23561,14
23562,21
23563,140
23564,6
23565,5
23566,215
23567,557
23568,558
23569,876
23570,559
23571,72
23572,6
23573,560
23574,10
23575,561
23576,365
23577,366
23578,7
23579,8
23580,22
23581,278
23582,278
23583,278
23584,278
23585,278
23586,278
23587,356
23588,263
23589,100
23590,877
23591,101
23592,19
23593,482
23595,3
23597,483
23598,484
23599,9
23600,357
23601,106
23602,19
23603,562
23604,563
23605,564
23606,565
23607,11
23608,12
23609,13
23610,25
23611,14
23612,6
23613,133
23614,7
23615,15
23616,16
23617,16
23618,6
23619,18
23620,19
23621,20
23622,21
23623,22
23624,73
23625,23
23626,24
23627,25
23628,26
23629,27
23630,28
23631,455
23632,455
23633,455
23634,455
23635,455
23636,455
23637,284
23638,284
23639,284
23640,284
23641,284
23642,284
23643,284
23644,284
23645,284
23646,284
23647,284
23648,284
23649,4
23650,189
23651,1019
23652,121
23653,316
23654,84
23655,878
23656,878
23657,878
23658,878
23659,878
23660,878
23661,2
23662,15
23663,884
23664,13
23665,566
23666,1020
23667,461
23669,7
23670,29
23671,30
23672,31
23673,32
23674,33
23675,34
23676,35
23677,36
23678,37
23679,38
23680,885
23681,885
23682,885
23683,885
23684,54
23685,6
23686,120
23687,7
23688,5
23689,889
23690,890
23691,891
23692,892
23693,892
23694,892
23695,892
23696,892
23697,892
23698,892
23699,892
23700,892
23701,141
23702,485
23703,264
23704,70
23705,3
23706,3
23707,184
23708,661
23709,662
23710,142
23711,663
23712,122
23713,486
23714,127
23715,136
23716,27
23717,14
23718,901
23719,902
23720,487
23721,121
23722,1
23723,903
23724,903
23725,903
23726,8
23727,9
23728,906
23729,906
23730,488
23731,489
23732,10
23733,490
23734,122
23735,15
23736,2
23737,10
23738,11
23739,491
23740,216
23741,217
23742,123
23743,218
23744,16
23745,470
23746,142
23747,5
23749,74
23750,1
23751,2
23752,3
23753,118
23754,4
23755,908
23756,908
23757,908
23758,908
23759,908
23760,908
23761,908
23762,908
23763,916
23764,917
23765,1
23766,1623
23767,1624
23768,2
23769,296
23770,296
23771,296
23772,296
23773,296
23774,296
23775,296
23776,296
23777,296
23778,296
23779,296
23780,296
23781,296
23782,296
23783,296
23784,296
23785,296
23786,296
23787,296
23788,296
23789,296
23790,296
23791,296
23792,296
23793,296
23794,107
23795,918
23796,492
23797,919
23798,1625
23799,1626
23800,920
23801,920
23802,920
23803,1627
23804,1628
23805,17
23806,493
23807,923
23808,923
23809,317
23810,40
23811,462
23812,3
23813,463
23815,119
23816,23
23817,1
23818,1
23819,1
23820,134
23821,321
23822,321
23823,321
23824,321
23825,321
23826,4
23827,5
23828,925
23829,925
23830,925
23831,102
23832,928
23833,928
23834,6
23835,318
23836,494
23837,930
23838,931
23839,932
23840,219
23841,495
23842,664
23843,665
23844,496
23845,131
23846,220
23848,265
23849,933
23850,1021
23851,1022
23852,9
23853,934
23854,1023
23855,666
23856,667
23857,3
23858,326
23859,326
23860,326
23861,143
23862,61
23863,1629
23864,85
23865,86
23866,18
23867,4
23869,7
23870,668
23871,668
23872,165
23873,2
23875,329
23876,329
23877,329
23878,329
23879,329
23880,329
23881,329
23882,329
23883,464
23884,464
23885,497
23886,6
23887,7
23888,498
23889,499
23890,935
23891,266
23892,87
23893,500
23894,670
23895,671
23896,411
23897,412
23898,413
23899,337
23900,144
23901,501
23902,502
23903,19
23904,19
23905,19
23906,5
23907,1630
23908,338
23909,466
23910,1631
23911,1632
23912,503
23913,504
23914,133
23915,936
23916,505
23917,8
23918,22
23919,937
23920,938
23921,20
23922,6
23923,506
23924,8
23925,1
23926,185
23927,17
23928,23
23929,561
23930,5
23931,467
23932,467
23933,467
23934,186
23935,187
23936,1633
23937,1634
23938,71
23939,120
23940,339
23941,339
23942,339
23943,470
23944,471
23945,471
23946,13
23947,342
23948,342
23949,342
23950,342
23951,342
23952,347
23953,347
23954,567
23955,568
23956,569
23957,570
23958,121
23959,562
23960,939
23961,128
23962,563
23963,349
23964,349
23965,349
23966,349
23967,349
23968,571
23969,9
23970,24
23971,572
23972,573
23973,574
23974,25
23975,575
23976,564
23977,354
23978,354
23979,354
23980,354
23981,26
23982,18
23983,507
23984,576
23985,123
23986,508
23987,509
23988,103
23989,26
23990,267
23991,510
23992,104
23993,1635
23994,1636
23995,940
23996,24
23997,25
23998,8
24000,4
24001,11
24002,33
24003,145
24004,146
24005,29
24006,124
24007,511
24008,75
24009,75
24010,75
24011,75
24012,75
24013,268
24014,512
24015,577
24016,513
24017,514
24018,578
24019,941
24020,166
24021,167
24022,579
24023,473
24024,1024
24025,580
24026,942
24027,474
24028,474
24029,474
24030,474
24031,21
24032,515
24033,672
24034,5
24035,358
24036,359
24037,125
24038,168
24039,169
24040,170
24041,171
24042,581
24043,34
24044,8
24045,7
24046,8
24047,943
24048,6
24049,944
24050,27
24051,27
24052,478
24053,358
24054,479
24055,105
24056,565
24057,138
24058,106
24059,22
24060,1025
24061,29
24062,1026
24063,1027
24064,582
24065,3
24066,9
24067,673
24068,2
24069,147
24070,148
24071,134
24072,134
24073,516
24074,945
24075,946
24076,414
24077,367
24078,269
24079,947
24080,517
24081,9
24082,674
24083,675
24084,676
24085,948
24086,566
24087,107
24088,567
24089,188
24090,10
24091,11
24092,189
24093,9
24094,10
24095,3
24096,149
24097,80
24098,359
24099,359
24100,359
24101,518
24102,190
24103,480
24104,480
24105,480
24106,191
24107,583
24108,362
24109,362
24110,362
24111,1637
24112,23
24113,11
24114,24
24115,519
24116,1028
24117,677
24118,31
24119,12
24120,277
24121,150
24122,270
24123,483
24124,483
24125,483
24126,584
24127,1638
24128,365
24129,365
24130,365
24131,365
24132,365
24133,365
24134,365
24135,365
24136,365
24137,9
24138,10
24139,585
24140,586
24141,4
24142,486
24143,486
24144,486
24145,486
24146,62
24147,587
24148,30
24149,278
24150,278
24151,278
24152,278
24153,588
24154,589
24155,590
24156,374
24157,374
24158,374
24159,374
24160,374
24161,374
24162,374
24163,374
24164,382
24165,382
24166,382
24167,490
24168,491
24169,491
24170,493
24171,122
24172,282
24173,129
24174,591
24175,12
24176,12
24177,12
24178,15
24179,385
24180,385
24181,385
24182,385
24183,385
24184,385
24185,385
24186,520
24187,31
24188,55
24189,57
24196,32
24197,33
24199,34
24200,949
24201,35
24202,36
24203,37
24204,950
24205,38
24206,39
24207,40
24208,41
24209,136
24210,42
24211,43
24212,44
24213,1
24214,568
24215,12
24216,126
24217,1639
24218,1640
24219,360
24220,10
24221,521
24222,45
24223,123
24224,130
24225,678
24226,679
24227,680
24228,190
24229,494
24230,494
24231,392
24232,392
24233,392
24234,395
24235,283
24236,283
24237,522
24238,523
24239,368
24240,271
24241,361
24242,681
24243,524
24244,951
24245,192
24246,193
24247,525
24248,5
24249,592
24250,95
24251,396
24252,396
24253,526
24254,194
24255,13
24256,191
24257,137
24258,952
24259,1641
24260,272
24261,195
24262,682
24263,16
24264,527
24265,593
24266,46
24267,50
24268,155
24269,569
24270,137
24271,398
24272,398
24273,528
24274,60
24275,60
24276,529
24277,273
24278,1642
24279,400
24280,25
24281,1643
24282,11
24283,124
24284,125
24285,5
24286,138
24287,401
24288,401
24289,401
24290,404
24291,530
24292,5
24293,362
24294,108
24295,531
24296,6
24297,138
24298,138
24299,7
24300,109
24301,196
24302,197
24303,140
24304,198
24305,26
24306,285
24307,1029
24308,81
24309,953
24310,953
24311,953
24312,405
24313,405
24314,405
24315,408
24316,408
24317,139
24318,140
24319,410
24320,410
24321,412
24322,412
24323,412
24324,956
24325,47
24326,51
24327,594
24328,595
24329,596
24330,597
24331,48
24332,49
24333,415
24334,415
24335,415
24336,415
24337,415
24338,415
24339,415
24340,50
24341,363
24342,363
24343,363
24344,363
24345,598
24346,126
24347,127
24348,422
24349,422
24350,422
24351,422
24352,422
24353,422
24354,422
24355,10
24356,429
24357,429
24358,429
24359,1
24360,532
24361,110
24362,957
24363,533
24364,534
24365,111
24366,535
24367,112
24368,43
24369,6
24370,367
24371,368
24372,10
24373,7
24374,683
24375,684
24376,82
24377,432
24378,432
24379,432
24380,432
24381,436
24382,436
24383,436
24384,958
24385,536
24386,11
24387,141
24388,11
24389,274
24390,537
24391,959
24392,538
24393,27
24394,113
24396,8
24397,960
24398,51
24399,52
24400,127
24401,1030
24402,33
24403,539
24404,319
24405,319
24406,319
24407,319
24408,319
24409,319
24410,319
24411,319
24412,319
24413,319
24414,319
24415,96
24416,97
24417,98
24418,99
24419,12
24420,439
24421,439
24422,540
24423,114
24424,108
24425,115
24426,11
24427,541
24428,137
24429,28
24430,1644
24431,116
24432,542
24433,6
24434,1645
24435,83
24436,83
24437,83
24438,83
24439,1031
24440,7
24441,1032
24449,124
24450,124
24451,124
24454,58
24455,53
24456,13
24457,543
24458,275
24459,961
24460,962
24461,12
24462,13
24464,963
24465,26
24466,54
24467,143
24468,441
24469,441
24470,441
24471,441
24472,441
24473,441
24474,441
24475,441
24476,221
24477,449
24478,449
24479,449
24480,449
24481,449
24482,449
24483,449
24484,449
24485,109
24486,544
24487,1
24488,2
24489,199
24490,55
24491,63
24492,457
24493,200
24494,1646
24495,56
24496,29
24497,1
24498,545
24499,8
24500,35
24501,458
24502,458
24503,141
24504,141
24505,141
24506,141
24507,141
24508,146
24509,147
24510,14
24511,9
24512,10
24513,62
24514,17
24515,11
24516,12
24517,11
24518,27
24519,369
24520,125
24521,9
24522,460
24523,460
24524,460
24525,460
24526,460
24527,460
24528,460
24529,460
24530,142
24531,142
24532,142
24533,142
24534,142
24535,142
24536,142
24538,30
24539,18
24540,131
24541,57
24542,149
24543,149
24544,58
24545,27
24546,496
24547,59
24548,60
24549,13
24550,132
24551,28
24552,599
24553,29
24554,59
24555,5
24556,8
24557,9
24558,60
24559,30
24560,370
24561,1
24562,20
24563,30
24564,12
24565,468
24566,468
24567,468
24568,471
24569,471
24570,471
24571,471
24572,471
24573,471
24574,471
24575,87
24576,478
24577,478
24578,478
24579,478
24580,478
24581,478
24582,286
24583,546
24584,276
24585,287
24586,133
24587,1033
24588,330
24589,201
24590,331
24591,547
24592,685
24593,686
24594,88
24595,10
24596,19
24597,89
24598,484
24599,484
24600,484
24601,487
24602,487
24603,1
24604,548
24605,12
24606,332
24607,138
24608,34
24609,35
24610,333
24611,334
24612,549
24613,1034
24614,1034
24615,1034
24616,371
24617,100
24618,61
24619,110
24620,369
24621,101
24622,102
24623,1037
24624,10
24625,64
24626,103
24627,52
24628,338
24629,339
24630,111
24631,550
24632,15
24633,964
24634,3
24635,117
24636,489
24637,489
24638,489
24639,489
24640,489
24641,489
24642,489
24643,489
24644,489
24645,489
24646,489
24647,500
24648,48
24649,501
24650,118
24651,1647
24652,687
24653,965
24654,156
24655,502
24656,551
24657,127
24658,127
24659,127
24661,2
24662,7
24663,36
24664,1038
24665,1038
24666,21
24667,503
24668,503
24669,503
24670,134
24671,552
24672,966
24673,553
24674,967
24675,968
24676,506
24677,506
24678,49
24679,508
24680,508
24681,128
24682,5
24683,1648
24684,14
24685,59
24686,16
24687,554
24688,202
24689,203
24690,969
24691,63
24692,277
24693,970
24694,204
24695,13
24696,14
24697,205
24698,510
24699,6
24700,555
24701,497
24702,511
24703,512
24704,6
24705,688
24706,130
24708,1649
24709,7
24710,498
24711,498
24712,135
24713,600
24714,64
24716,8
24717,50
24718,151
24719,152
24720,129
24721,10
24722,513
24723,513
24724,513
24725,513
24726,513
24727,513
24728,513
24729,520
24730,521
24731,521
24732,521
24733,601
24734,130
24735,17
24736,602
24737,524
24738,524
24739,524
24740,524
24741,524
24742,524
24743,524
24744,524
24745,524
24746,524
24747,524
24748,524
24749,524
24750,524
24751,971
24752,972
24753,973
24754,603
24755,19
24756,222
24757,9
24758,62
24759,36
24760,153
24761,538
24762,539
24763,539
24764,32
24765,604
24766,20
24767,541
24768,541
24769,541
24770,541
24771,545
24772,1650
24773,1650
24774,144
24775,605
24776,500
24777,53
24778,278
24779,546
24780,546
24781,546
24782,546
24783,546
24784,546
24785,546
24786,546
24787,546
24788,555
24789,974
24790,556
24791,1652
24792,606
24793,607
24794,139
24795,140
24797,141
24798,975
24799,976
24800,142
24801,143
24802,131
24803,977
24804,978
24805,1040
24806,37
24807,1041
24808,63
24809,63
24810,279
24811,556
24812,556
24813,556
24814,556
24815,556
24816,561
24817,561
24818,561
24819,2
24820,564
24821,979
24822,557
24823,3
24824,980
24825,981
24826,982
24827,983
24828,984
24829,148
24830,1653
24831,985
24832,986
24833,987
24834,988
24835,149
24836,989
24837,990
24838,991
24839,992
24840,993
24841,1042
24842,1042
24843,1042
24844,12
24845,558
24846,1045
24847,994
24848,565
24849,565
24850,565
24851,995
24852,996
24853,997
24854,998
24855,11
24856,65
24857,132
24858,133
24859,1
24860,65
24861,34
24862,22
24863,608
24864,8
24865,132
24866,568
24867,568
24868,568
24869,568
24870,568
24871,18
24872,280
24873,559
24874,999
24875,1000
24876,1001
24877,11
24878,1002
24879,1003
24880,1004
24881,1005
24882,1006
24883,7
24884,1654
24885,1046
24886,1046
24887,1046
24888,1046
24889,1007
24890,1050
24891,128
24892,1008
24893,206
24894,1009
24895,129
24896,1010
24897,1051
24898,35
24899,609
24900,610
24901,1052
24902,136
24903,137
24904,1053
24905,1053
24906,18
24907,573
24908,573
24909,281
24910,44
24911,19
24912,150
24913,151
24914,560
24915,144
24916,370
24917,371
24918,372
24919,373
24920,374
24921,1011
24922,1012
24923,1013
24924,31
24925,130
24926,1014
24927,10
24928,51
24929,192
24930,155
24931,575
24932,575
24933,575
24934,575
24935,575
24936,575
24937,561
24938,562
24939,611
24940,563
24941,612
24942,613
24944,340
24946,193
24947,194
24948,282
24949,1015
24950,564
24951,195
24952,1016
24953,72
24954,1655
24955,1017
24956,1018
24957,1656
24958,1019
24959,72
24960,1020
24961,1021
24962,1022
24963,1657
24964,1658
24965,1023
24966,581
24967,581
24968,581
24969,581
24970,1024
24971,689
24972,145
24973,1025
24975,119
24976,120
24977,335
24978,1055
24979,1055
24980,1057
24981,1057
24982,1057
24983,66
24984,1026
24985,1027
24986,1028
24987,585
24988,585
24989,585
24990,585
24991,585
24992,13
24993,1029
24994,63
24995,501
24996,501
24997,1030
24998,1031
24999,1659
25001,64
25002,66
25003,1032
25004,1033
25005,590
25006,590
25007,590
25008,590
25009,590
25010,1034
25011,20
25012,595
25013,595
25014,595
25015,595
25016,595
25017,600
25018,600
25019,600
25020,600
25021,503
25022,503
25023,505
25024,283
25025,154
25026,13
25027,1035
25028,1036
25029,131
25030,6
25031,1660
25032,138
25033,152
25034,14
25035,223
25036,2
25037,604
25038,604
25039,604
25040,604
25041,604
25042,604
25043,604
25044,604
25045,604
25046,604
25047,604
25048,604
25049,604
25050,284
25051,565
25052,67
25053,121
25054,134
25055,566
25056,1037
25057,1038
25058,12
25059,567
25060,207
25061,617
25062,617
25063,617
25064,568
25065,60
25066,1039
25067,1040
25068,7
25070,690
25072,569
25073,139
25074,285
25075,1041
25076,1042
25077,570
25078,571
25079,1043
25080,14
25081,4
25082,208
25083,153
25084,8
25085,1044
25086,1045
25087,572
25088,1046
25089,1047
25090,1048
25091,620
25092,620
25093,620
25094,620
25095,620
25097,131
25098,131
25099,131
25100,131
25101,131
25102,1049
25103,573
25104,122
25105,1050
25106,1051
25107,1661
25108,1052
25109,1053
25110,136
25111,1054
25112,1662
25113,209
25114,90
25115,506
25116,506
25117,506
25118,691
25119,625
25120,625
25121,286
25122,287
25123,68
25124,210
25125,1055
25129,574
25136,211
25138,1056
25141,1057
25145,1058
25147,45
25148,1059
25149,575
25150,212
25151,140
25152,146
25153,2
25154,1060
25155,1061
25156,154
25157,154
25158,1663
25159,1062
25160,1062
25161,576
25162,692
25163,1064
25164,1065
25165,112
25166,172
25167,3
25174,1664
25176,577
25178,288
25181,133
25182,693
25183,12
25184,155
25185,155
25186,288
25187,578
25188,579
25189,1066
25190,135
25191,1067
25193,580
25194,1068
25195,1069
25196,1070
25197,1071
25198,1072
25199,1
25200,1073
25201,1074
25202,1075
25203,1076
25204,1077
25205,224
25206,1078
25207,694
25208,1079
25209,1080
25210,1081
25211,61
25212,1082
25213,695
25214,62
25215,62
25216,91
25217,145
25218,696
25219,627
25220,697
25221,570
25222,139
25224,146
25225,147
25226,509
25227,509
25228,69
25229,511
25230,511
25231,289
25232,628
25233,628
25234,628
25235,628
25236,628
25237,628
25238,628
25239,628
25240,628
25241,628
25242,628
25243,628
25244,628
25245,628
25246,628
25247,2
25248,3
25249,28
25250,1083
25251,29
25252,1665
25253,148
25254,149
25255,150
25256,151
25257,1084
25258,1085
25259,1086
25260,13
25261,643
25262,643
25263,643
25264,643
25265,643
25266,643
25267,643
25268,14
25270,1087
25271,1088
25272,30
25273,15
25274,11
25275,225
25276,226
25277,227
25278,91
25279,228
25280,650
25281,650
25282,650
25283,650
25284,650
25285,650
25286,650
25287,650
25288,650
25289,650
25290,650
25291,650
25292,650
25293,650
25294,4
25297,1089
25298,1090
25299,1091
25300,152
25301,21
25302,92
25303,92
25304,92
25305,92
25306,92
25307,97
25308,97
25309,97
25310,97
25311,97
25312,97
25313,97
25314,97
25315,105
25316,105
25317,105
25318,105
25319,109
25320,109
25321,109
25322,109
25323,5
25324,46
25325,614
25327,113
25328,113
25329,113
25330,113
25331,113
25332,113
25333,664
25334,664
25335,664
25336,664
25337,664
25338,664
25339,664
25340,664
25341,664
25342,664
25343,664
25344,664
25345,664
25346,664
25347,664
25348,3
25350,581
25351,13
25352,31
25353,1092
25354,1093
25355,1094
25356,1095
25357,156
25358,1666
25359,157
25361,14
25362,290
25363,1096
25364,1097
25365,1098
25366,1099
25367,1100
25368,1101
25369,14
25370,32
25371,6
25372,67
25373,5
25374,7
25375,7
25376,615
25377,33
25378,513
25379,513
25380,513
25381,158
25382,158
25383,160
25384,679
25385,679
25386,679
25387,679
25388,679
25389,679
25390,685
25391,685
25392,685
25393,140
25394,1102
25395,1103
25396,15
25397,1104
25398,34
25399,582
25400,1105
25401,1667
25402,6
25403,136
25404,61
25405,1668
25406,1106
25407,1669
25408,698
25409,161
25410,14
25411,70
25412,1060
25413,8
25414,9
25415,137
25416,141
25417,1061
25418,142
25419,54
25420,157
25421,688
25422,688
25423,690
25424,690
25425,690
25426,690
25427,690
25428,690
25429,11
25430,516
25431,1107
25432,1108
25433,213
25434,214
25435,1670
25436,1671
25437,517
25438,1109
25439,1110
25442,1111
25443,583
25444,291
25445,137
25446,1672
25447,47
25448,143
25449,144
25450,584
25451,145
25452,146
25453,147
25454,15
25455,138
25456,1062
25457,113
25458,1112
25459,35
25460,10
25461,11
25462,1113
25463,1114
25464,1115
25465,1116
25466,36
25467,71
25468,8
25469,616
25470,1063
25471,699
25472,119
25473,119
25474,119
25475,119
25476,119
25477,119
25478,119
25479,119
25480,119
25481,119
25482,119
25483,119
25484,119
25485,119
25486,19
25487,72
25488,696
25489,696
25490,698
25491,292
25492,585
25493,586
25494,73
25495,587
25496,588
25497,1117
25498,1673
25499,7
25500,1674
25501,1675
25502,138
25503,139
25504,139
25505,139
25506,16
25507,37
25508,1676
25509,1677
25510,1118
25511,518
25512,518
25513,1064
25514,1678
25515,12
25516,1119
25517,13
25518,16
25519,196
25520,12
25521,7
25522,700
25523,9
25524,48
25525,701
25527,1
25528,293
25529,2
25530,13
25531,589
25532,197
25533,1679
25534,1120
25535,38
25536,702
25537,1121
25538,49
25539,39
25540,198
25541,199
25542,1122
25543,1123
25544,40
25545,1124
25546,393
25547,393
25548,395
25549,396
25550,397
25551,398
25552,399
25553,400
25554,1125
25555,17
25556,4
25557,590
25558,15
25559,703
25560,14
25561,1065
25562,1065
25563,1065
25564,15
25565,5
25567,591
25568,704
25569,55
25570,294
25571,699
25572,700
25573,520
25574,134
25575,17
25576,1
25577,153
25578,135
25579,68
25580,139
25581,1126
25582,1127
25583,16
25584,41
25585,2
25586,701
25587,1128
25588,148
25589,415
25590,149
25591,162
25592,163
25593,19
25594,164
25595,9
25596,10
25597,150
25598,11
25599,18
25600,3
25601,1129
25602,1130
25603,1131
25604,1132
25605,617
25606,1133
25607,1134
25608,1135
25609,42
25610,4
25611,1136
25612,151
25613,12
25614,702
25615,702
25616,702
25617,702
25618,702
25619,702
25620,618
25621,13
25622,619
25623,708
25624,708
25625,1137
25626,1137
25628,133
25629,133
25630,133
25631,133
25632,133
25633,133
25634,133
25635,133
25636,133
25637,133
25638,1680
25639,1681
25640,1681
25641,620
25642,43
25643,14
25644,15
25645,44
25646,521
25647,521
25648,521
25649,621
25650,295
25651,92
25652,93
25653,592
25654,593
25655,594
25656,1139
25657,1140
25658,705
25659,1683
25660,706
25661,710
25662,710
25663,710
25664,595
25665,50
25666,596
25667,1141
25668,1142
25669,10
25670,1684
25671,1685
25672,1143
25673,39
25674,200
25675,200
25676,200
25677,18
25678,707
25679,73
25680,45
25681,46
25682,708
25683,1144
25684,16
25685,709
25686,152
25687,710
25688,16
25689,229
25690,143
25691,144
25692,711
25693,712
25694,145
25695,145
25696,713
25697,714
25698,715
25699,296
25700,17
25701,18
25702,19
25703,20
25705,597
25707,1145
25708,203
25709,375
25710,376
25711,1686
25712,156
25713,1068
25714,47
25715,1146
25716,377
25717,1147
25718,1148
25719,1149
25720,1150
25721,136
25722,571
25723,19
25724,1151
25725,572
25726,573
25727,88
25728,89
25729,147
25730,90
25731,90
25733,713
25734,92
25735,5
25737,1687
25738,714
25739,94
25740,1069
25741,148
25742,148
25743,148
25744,148
25745,148
25746,148
25747,148
25748,148
25749,148
25750,157
25751,157
25752,297
25753,142
25754,143
25755,598
25757,1152
25759,74
25760,74
25761,95
25762,76
25763,1153
25764,140
25765,1154
25766,204
25767,205
25769,1155
25770,715
25771,6
25772,716
25773,717
25775,1070
25776,718
25777,719
25778,62
25779,1156
25780,96
25781,14
25782,716
25783,69
25784,51
25786,622
25787,48
25788,144
25789,145
25790,1157
25791,74
25792,77
25793,206
25794,56
25795,1
25796,2
25797,52
25798,378
25799,70
25801,1
25802,298
25803,153
25804,599
25805,20
25806,1158
25807,21
25808,600
25809,165
25810,166
25811,167
25812,601
25813,720
25814,721
25815,1688
25816,49
25817,1159
25818,207
25819,524
25820,524
25821,524
25822,208
25823,209
25824,1160
25825,602
25827,1161
25828,1162
25829,1071
25830,1071
25831,19
25832,19
25833,50
25834,722
25835,17
25836,18
25837,723
25838,17
25839,289
25840,299
25841,137
25842,724
25843,724
25844,71
25848,51
25849,7
25850,32
25851,8
25852,603
25853,210
25854,1689
25855,1690
25856,1691
25857,1073
25858,1073
25859,9
25860,52
25861,527
25862,527
25863,527
25864,527
25865,527
25866,726
25867,727
25868,21
25869,379
25870,18
25871,1163
25872,21
25873,604
25874,63
25875,1692
25876,53
25877,19
25879,336
25880,336
25881,54
25882,55
25884,78
25885,64
25886,15
25887,18
25888,16
25889,1
25890,2
25891,401
25892,402
25893,3
25894,574
25895,575
25896,19
25897,1693
25898,12
25899,159
25900,159
25901,159
25902,159
25903,159
25904,159
25905,159
25906,159
25907,159
25908,159
25909,159
25910,159
25911,159
25912,159
25913,56
25914,173
25915,57
25916,58
25917,1164
25918,1165
25919,1166
25925,1167
25926,1168
25928,93
25929,532
25930,532
25931,532
25932,532
25933,532
25934,537
25935,9
25936,174
25937,174
25938,174
25939,174
25940,174
25941,174
25942,174
25943,717
25944,718
25945,79
25946,719
25947,719
25949,59
25950,64
25952,605
25953,576
25954,577
25955,211
25956,22
25957,60
25958,61
25959,62
25960,300
25961,606
25962,168
25963,22
25964,169
25965,170
25966,181
25967,181
25968,728
25969,183
25970,4
25971,1169
25972,1075
25973,23
25974,63
25975,729
25976,338
25977,1076
25978,1076
25979,1076
25980,1076
25981,1076
25982,1076
25983,1076
25984,1076
25985,1076
25986,1076
25987,1076
25988,1076
25989,1076
25990,1076
25991,1076
25992,1076
25993,1076
25994,1076
25995,64
25996,4
25997,607
25998,65
25999,10
26000,1694
26003,301
26004,380
26005,1695
26006,1170
26007,1696
26008,1697
26009,1171
26010,1172
26011,1094
26012,20
26013,66
26014,11
26015,53
26016,1173
26017,1095
26018,24
26019,1698
26020,15
26021,212
26022,538
26023,538
26024,67
26025,68
26026,730
26027,608
26028,731
26029,146
26031,213
26032,214
26033,215
26034,216
26035,216
26036,1174
26037,21
26038,22
26039,72
26040,69
26041,70
26042,71
26043,72
26044,73
26045,1175
26046,609
26047,1176
26048,302
26049,1177
26050,218
26051,1178
26052,54
26053,1179
26054,610
26055,540
26056,1180
26057,1699
26058,171
26059,23
26060,1700
26061,611
26062,578
26063,20
26064,1096
26065,74
26066,25
26067,75
26068,76
26069,612
26070,579
26071,613
26072,614
26073,21
26074,22
26075,24
26076,23
26079,1
26080,172
26081,77
26082,78
26083,79
26084,55
26085,615
26087,1701
26088,616
26089,1702
26090,56
26091,147
26092,12
26093,73
26094,1703
26095,1181
26096,219
26097,220
26098,147
26099,24
26100,221
26101,1704
26102,617
26103,31
26104,80
26105,1182
26106,1182
26107,732
26108,618
26109,733
26110,1184
26111,1185
26112,619
26113,13
26114,36
26115,620
26116,290
26117,154
26118,155
26119,156
26120,1097
26121,1098
26122,22
26123,23
26124,24
26125,1705
26126,25
26127,26
26128,27
26129,621
26130,104
26131,580
26132,581
26133,582
26134,1706
26135,138
26136,139
26137,81
26138,184
26139,82
26140,185
26141,21
26142,22
26143,83
26144,622
26145,623
26146,303
26147,1186
26148,73
26149,1707
26150,1099
26151,1100
26152,624
26153,19
26154,625
26155,141
26156,626
26157,14
26158,734
26159,16
26160,1101
26161,627
26162,84
26163,1102
26164,1187
26165,1708
26166,1709
26167,1188
26168,25
26169,628
26170,135
26171,629
26172,1710
26173,1189
26174,17
26175,28
26176,29
26177,30
26178,85
26179,86
26180,140
26181,97
26182,6
26183,141
26184,1190
26185,23
26186,1711
26187,1191
26188,40
26189,1712
26190,42
26191,1192
26192,583
26193,132
26194,584
26195,1193
26196,1194
26197,1713
26198,133
26199,134
26200,1195
26201,2
26202,158
26203,721
26204,721
26205,721
26206,23
26207,173
26208,98
26209,630
26210,304
26211,631
26212,142
26213,381
26214,143
26215,735
26216,632
26217,18
26218,633
26219,736
26220,737
26221,634
26223,635
26224,1714
26225,636
26226,636
26227,636
26228,31
26229,10
26230,32
26231,87
26232,5
26233,88
26234,89
26235,186
26236,186
26237,186
26238,24
26239,114
26240,639
26241,738
26242,640
26243,142
26244,541
26245,641
26246,115
26247,105
26248,106
26249,15
26251,642
26252,1
26254,724
26255,107
26256,222
26257,222
26258,224
26259,224
26260,643
26261,739
26262,740
26263,644
26264,644
26265,644
26266,644
26267,174
26268,16
26269,741
26270,742
26271,1715
26272,1715
26273,743
26274,744
26275,108
26276,143
26277,57
26278,189
26279,189
26280,189
26281,189
26282,189
26283,90
26284,17
26285,382
26286,383
26287,384
26288,648
26289,215
26290,91
26291,1103
26292,1104
26293,649
26294,2
26295,3
26296,216
26297,745
26298,18
26299,305
26300,650
26301,651
26302,19
26303,652
26304,1717
26305,4
26306,20
26307,144
26308,21
26309,230
26311,653
26312,92
26313,654
26314,93
26315,80
26317,542
26318,194
26319,194
26320,194
26321,194
26322,194
26323,194
26324,194
26325,194
26326,194
26327,194
26328,135
26329,135
26330,204
26331,204
26332,1105
26333,746
26334,746
26335,746
26336,1106
26337,1718
26338,749
26339,543
26340,3
26341,544
26342,545
26343,546
26344,725
26345,25
26346,726
26347,385
26349,655
26350,750
26351,22
26352,26
26353,1107
26355,145
26356,65
26357,144
26358,66
26359,24
26360,67
26361,58
26362,74
26363,217
26364,751
26365,386
26366,25
26367,727
26368,727
26369,218
26370,218
26371,23
26372,656
26373,24
26374,94
26375,729
26376,729
26377,729
26378,729
26379,657
26380,658
26381,220
26382,1719
26383,33
26384,34
26385,35
26386,27
26387,36
26388,37
26389,28
26390,38
26391,157
26392,59
26393,26
26394,733
26395,734
26396,206
26397,306
26398,26
26399,95
26400,5
26401,659
26402,60
26403,96
26404,97
26405,20
26406,98
26407,1720
26408,1720
26409,146
26410,147
26411,387
26412,29
26413,660
26414,1108
26415,99
26416,100
26417,148
26418,585
26419,586
26420,30
26421,4
26422,21
26423,661
26424,1109
26425,1109
26426,24
26427,1111
26428,1111
26429,1722
26430,662
26431,39
26432,40
26433,41
26434,547
26435,126
26436,548
26437,231
26438,1723
26439,31
26440,42
26441,1113
26442,1114
26443,549
26444,549
26445,549
26446,43
26447,75
26448,735
26449,735
26450,44
26451,32
26452,737
26453,45
26454,46
26455,158
26456,47
26457,48
26458,49
26459,50
26460,51
26461,52
26462,7
26463,53
26464,54
26465,101
26466,159
26467,55
26468,56
26469,57
26470,102
26471,58
26472,59
26473,60
26474,61
26475,137
26476,62
26477,738
26478,738
26479,75
26480,740
26481,47
26482,33
26483,48
26484,145
26485,741
26486,587
26487,149
26488,552
26489,552
26490,552
26491,307
26492,555
26493,555
26494,555
26495,555
26496,148
26497,559
26498,663
26500,339
26502,94
26503,94
26504,94
26505,94
26506,94
26507,103
26508,1196
26509,742
26510,22
26511,33
26512,1724
26513,664
26514,149
26515,23
26516,1197
26517,560
26518,81
26519,24
26520,34
26521,665
26522,666
26523,666
26524,561
26525,562
26526,8
26527,19
26528,109
26529,43
26530,160
26531,68
26532,175
26533,176
26534,177
26535,668
26536,148
26537,5
26538,1725
26539,340
26540,669
26541,1726
26542,670
26543,670
26544,116
26545,308
26546,6
26547,52
26548,35
26549,672
26550,673
26551,588
26552,1727
26553,63
26554,1115
26555,1115
26556,9
26557,207
26558,208
26559,76
26560,209
26561,674
26562,674
26563,309
26564,20
26565,1728
26566,1198
26567,99
26568,1729
26569,1730
26570,149
26571,117
26572,118
26573,150
26574,25
26575,64
26576,161
26577,65
26578,27
26579,66
26580,67
26581,68
26582,27
26583,310
26584,676
26585,36
26586,677
26587,1731
26588,1732
26589,1199
26590,1200
26591,21
26592,119
26593,403
26594,120
26595,1201
26596,25
26597,416
26598,1202
26599,1203
26600,1204
26601,65
26602,1205
26603,1206
26604,1207
26605,66
26606,121
26607,37
26608,1733
26609,1734
26610,226
26611,227
26612,341
26613,678
26614,1735
26615,1736
26616,1737
26617,69
26618,1117
26619,1118
26620,1118
26621,162
26622,563
26623,563
26624,563
26625,5
26626,679
26627,8
26628,680
26629,178
26630,179
26631,1208
26632,1209
26633,1210
26634,311
26635,1211
26636,1212
26637,221
26638,341
26639,1213
26640,1214
26641,70
26642,1215
26643,41
26644,1120
26645,1738
26646,1739
26647,146
26648,69
26649,566
26650,566
26651,71
26652,72
26653,61
26654,312
26655,1216
26656,1217
26657,22
26658,104
26659,1218
26660,100
26661,11
26662,101
26663,163
26664,1219
26665,1220
26666,743
26667,743
26668,743
26669,743
26670,743
26671,73
26672,74
26673,75
26674,76
26675,164
26676,313
26677,1221
26678,417
26679,1222
26680,1223
26681,77
26682,1224
26683,748
26684,26
26685,150
26686,1225
26687,1226
26688,10
26689,10
26690,10
26691,1227
26692,681
26693,228
26694,82
26695,682
26696,314
26697,229
26698,1740
26699,1121
26700,105
26701,230
26702,752
26703,231
26704,753
26705,749
26706,683
26707,38
26708,1228
26709,1229
26710,1230
26711,1231
26715,38
26716,53
26717,54
26718,102
26719,55
26720,39
26721,28
26722,1122
26723,1123
26724,684
26725,589
26726,78
26727,138
26728,79
26729,232
26730,80
26731,81
26732,56
26733,315
26734,103
26735,103
26736,40
26737,57
26738,1232
26739,685
26740,58
26741,82
26742,82
26743,686
26744,76
26745,233
26746,234
26747,687
26748,388
26749,42
26750,105
26751,1741
26752,106
26753,316
26754,1233
26755,688
26756,1742
26757,20
26758,342
26759,342
26760,41
26761,1124
26762,1124
26763,6
26764,1234
26765,689
26766,1126
26767,1126
26768,1126
26769,1126
26770,23
26771,106
26772,147
26773,690
26774,235
26775,389
26776,389
26777,389
26778,389
26779,389
26780,372
26781,77
26782,222
26783,1130
26784,70
26785,210
26786,107
26787,691
26788,223
26789,692
26790,1743
26791,25
26792,1744
26793,224
26794,42
26795,317
26796,225
26797,225
26798,227
26799,227
26800,107
26801,83
26802,693
26803,43
26804,1745
26805,1746
26806,1235
26807,44
26808,84
26809,57
26810,85
26811,86
26812,99
26813,99
26814,99
26815,99
26816,99
26817,99
26818,99
26819,99
26820,99
26821,99
26822,99
26823,99
26824,1747
26825,62
26826,87
26827,87
26828,111
26829,111
26830,111
26831,111
26832,111
26833,111
26834,111
26835,111
26836,111
26837,111
26838,111
26839,111
26841,318
26842,694
26843,1236
26844,695
26845,229
26846,229
26847,229
26848,232
26849,696
26850,1237
26851,1238
26852,26
26853,45
26854,233
26855,1239
26856,697
26857,7
26858,63
26859,234
26860,698
26861,108
26862,89
26863,699
26864,1131
26865,1131
26866,373
26867,165
26868,64
26869,65
26870,8
26871,6
26872,319
26873,43
26874,59
26875,66
26876,58
26877,166
26878,9
26879,623
26880,84
26881,59
26882,44
26884,67
26885,180
26886,568
26887,320
26888,1240
26889,27
26890,109
26891,1241
26892,108
26893,418
26894,68
26895,1242
26896,69
26897,148
26898,1243
26899,1244
26900,149
26901,1245
26902,151
26903,1246
26904,1247
26905,1248
26906,122
26907,167
26908,394
26909,1748
26910,90
26911,109
26912,152
26913,1749
26914,28
26915,110
26916,150
26917,150
26918,1133
26919,1134
26920,91
26921,92
26922,754
26923,755
26924,93
26925,94
26926,95
26927,96
26928,97
26929,1249
26930,1250
26931,1251
26932,1252
26933,235
26934,236
26935,237
26936,756
26938,321
26939,757
26940,758
26941,1750
26942,1751
26943,1752
26944,1753
26945,71
26946,3
26947,238
26948,239
26949,70
26950,240
26951,1253
26952,241
26953,71
26954,72
26955,29
26956,759
26957,759
26958,761
26959,761
26960,1254
26961,72
26962,395
26964,374
26965,374
26966,242
26967,27
26968,569
26969,181
26970,182
26971,1255
26972,110
26973,98
26974,322
26975,1754
26976,1755
26977,60
26978,243
26979,123
26980,1756
26981,61
26982,12
26983,78
26984,28
26985,60
26986,73
26987,37
26988,111
26989,750
26990,750
26991,750
26992,750
26993,750
26994,755
26995,17
26996,124
26997,700
26998,323
26999,419
27000,420
27001,1256
27002,125
27003,376
27004,377
27005,1757
27006,126
27007,32
27008,99
27009,33
27010,100
27011,74
27012,75
27013,244
27014,101
27015,61
27016,76
27017,756
27018,77
27019,164
27020,78
27021,757
27022,757
27023,79
27024,80
27025,570
27026,571
27027,572
27028,232
27029,18
27030,573
27031,396
27032,701
27033,324
27034,127
27035,7
27036,128
27037,344
27038,1758
27039,1759
27040,1760
27041,1761
27042,1257
27043,574
27044,702
27045,397
27046,575
27047,245
27048,102
27049,763
27050,1762
27051,1763
27052,79
27053,34
27054,112
27055,398
27056,398
27057,398
27058,398
27059,103
27060,764
27061,765
27062,168
27063,13
27064,378
27065,766
27066,104
27067,576
27068,577
27069,169
27070,578
27071,1764
27072,579
27073,580
27074,14
27075,1765
27076,151
27077,1766
27078,1767
27079,152
27080,19
27081,325
27082,421
27083,105
27084,581
27085,581
27086,581
27087,581
27088,159
27089,139
27090,77
27091,62
27092,10
27093,1258
27094,62
27095,703
27100,379
27101,1768
27102,1769
27103,183
27104,380
27105,381
27106,129
27107,345
27108,346
27109,80
27110,347
27111,767
27112,768
27113,246
27114,247
27115,29
27116,111
27117,78
27118,1770
27119,1771
27120,45
27121,112
27122,348
27123,769
27124,770
27125,248
27126,248
27127,85
27128,170
27129,123
27130,382
27131,383
27132,590
27133,704
27134,152
27135,1259
27136,384
27137,1260
27138,705
27139,1261
27140,326
27141,184
27142,771
27143,385
27144,386
27145,772
27146,185
27147,402
27148,403
27149,706
27150,12
27151,1772
27152,1773
27153,106
27154,1774
27155,1775
27156,585
27157,585
27158,157
27159,707
27160,387
27161,153
27162,153
27163,107
27164,388
27165,108
27166,389
27167,81
27168,109
27169,390
27170,211
27171,1262
27172,171
27173,86
27174,87
27175,24
27176,327
27177,708
27178,591
27179,587
27180,588
27182,589
27183,590
27184,88
27185,30
27186,250
27187,404
27188,1776
27189,1777
27190,709
27191,81
27192,89
27193,8
27194,31
27195,32
27200,13
27201,73
27202,74
27203,759
27204,760
27205,592
27206,33
27207,34
27208,35
27209,36
27210,328
27211,37
27212,155
27213,35
27214,710
27215,30
27216,172
27217,124
27218,110
27219,111
27220,112
27221,90
27222,13
27223,63
27224,711
27225,773
27226,774
27230,74
27231,712
27232,405
27233,173
27234,404
27235,405
27236,406
27237,91
27238,113
27239,113
27240,113
27241,82
27242,110
27243,29
27244,92
27245,775
27246,776
27247,777
27248,778
27250,329
27251,591
27252,174
27253,93
27254,93
27255,140
27257,1263
27258,82
27259,1778
27260,1779
27261,342
27262,175
27263,176
27264,95
27265,177
27266,96
27267,154
27268,178
27269,83
27270,155
27271,97
27272,761
27273,6
27274,7
27275,8
27276,713
27277,98
27278,14
27279,1264
27280,1780
27281,1781
27282,1782
27283,330
27284,99
27285,127
27286,127
27287,592
27288,125
27289,593
27290,1783
27291,1784
27292,1785
27293,1786
27294,116
27295,153
27298,117
27299,118
27300,119
27301,120
27302,121
27303,100
27304,1787
27305,331
27306,9
27307,332
27308,779
27309,780
27310,714
27311,715
27312,349
27313,349
27314,1788
27315,716
27316,63
27317,1265
27318,717
27319,1789
27320,1790
27321,718
27322,719
27323,84
27324,85
27325,15
27326,212
27327,101
27328,1791
27329,333
27330,334
27331,86
27332,113
27333,114
27334,87
27335,720
27336,88
27337,89
27338,90
27339,1135
27340,1792
27341,1793
27342,1794
27343,1795
27344,1136
27345,1136
27346,213
27347,83
27348,781
27349,782
27350,783
27351,784
27352,91
27353,92
27354,179
27355,160
27356,64
27357,335
27358,93
27359,173
27360,721
27361,1796
27362,1797
27363,25
27364,75
27365,36
27366,336
27367,1138
27368,1798
27369,1799
27370,174
27371,233
27372,785
27373,786
27374,1800
27375,1801
27376,787
27377,1266
27378,102
27379,722
27380,788
27381,31
27382,1802
27383,723
27384,122
27385,123
27386,124
27387,125
27388,26
27389,94
27390,95
27391,96
27392,126
27393,127
27394,128
27395,129
27400,130
27401,131
27402,132
27403,133
27404,134
27405,135
27406,136
27407,234
27408,137
27409,138
27410,139
27411,140
27412,141
27413,142
27414,143
27415,144
27416,145
27417,1803
27418,1804
27419,1805
27420,1806
27421,594
27422,762
27424,724
27425,1807
27426,1808
27427,725
27428,103
27429,1809
27430,1810
27431,1811
27432,84
27433,156
27434,1139
27435,1812
27436,1813
27437,1267
27438,1140
27439,104
27440,157
27441,726
27442,158
27443,159
27444,727
27445,160
27446,1814
27447,728
27448,161
27449,154
27450,9
27451,763
27452,763
27453,113
27454,114
27455,115
27456,116
27457,117
27458,1268
27459,3
27460,4
27461,5
27462,155
27463,180
27464,105
27465,106
27466,162
27467,181
27468,624
27469,337
27470,156
27471,163
27472,164
27473,625
27474,97
27475,186
27476,186
27478,626
27479,627
27480,1815
27481,165
27482,146
27483,147
27484,148
27485,149
27486,150
27487,1816
27488,107
27489,166
27490,167
27491,168
27492,108
27493,182
27494,183
27495,151
27500,152
27501,729
27502,153
27503,730
27504,154
27505,1817
27506,109
27507,731
27508,1818
27509,1141
27510,1819
27511,46
27512,1269
27513,351
27514,789
27515,790
27516,791
27517,792
27518,236
27519,237
27520,793
27521,794
27522,238
27523,239
27524,15
27525,795
27526,796
27527,797
27528,798
27529,799
27530,1
27531,338
27532,3
27533,732
27534,111
27535,733
27536,339
27537,1820
27538,1142
27539,32
27540,240
27541,241
27542,242
27543,243
27544,2
27545,10
27546,98
27547,158
27548,159
27549,160
27550,161
27551,155
27552,156
27553,157
27554,158
27555,159
27556,734
27557,160
27558,161
27559,800
27560,184
27561,735
27562,99
27570,21
27571,112
27573,251
27574,1270
27575,113
27576,1821
27577,1822
27578,100
27579,1823
27580,1271
27581,1143
27582,1143
27583,736
27584,765
27585,765
27586,765
27587,765
27588,765
27589,765
27590,1145
27591,771
27592,46
27593,15
27594,252
27595,67
27600,162
27601,163
27602,164
27603,801
27604,340
27605,737
27606,68
27607,68
27608,68
27609,1824
27610,1825
27611,188
27612,130
27613,189
27614,189
27615,189
27616,738
27617,244
27618,245
27619,131
27620,739
27621,10
27625,118
27628,1
27629,64
27630,37
27631,1826
27632,38
27633,1827
27634,2
27635,71
27636,71
27637,740
27638,33
27639,1828
27640,1829
27641,47
27642,47
27643,119
27644,165
27645,166
27646,167
27647,802
27648,802
27649,16
27650,168
27651,169
27652,79
27653,73
27654,1
27655,170
27656,171
27657,1830
27658,741
27659,772
27660,74
27661,74
27662,4
27663,5
27664,132
27665,48
27666,1831
27667,76
27668,76
27669,742
27670,1832
27671,1833
27672,1272
27673,1834
27674,114
27675,1835
27676,1836
27677,1837
27678,39
27679,743
27680,7
27681,773
27682,744
27683,774
27684,78
27685,78
27686,78
27687,775
27688,101
27689,49
27690,804
27691,81
27692,595
27693,745
27694,82
27695,82
27696,82
27700,120
27701,65
27702,6
27703,1838
27704,1839
27705,7
27706,26
27709,596
27710,596
27711,596
27712,596
27713,596
27714,102
27715,103
27716,85
27718,172
27719,121
27720,101
27721,129
27722,130
27723,80
27724,86
27725,173
27726,174
27727,175
27728,87
27729,104
27730,1840
27731,1841
27732,601
27733,176
27736,602
27737,603
27738,11
27739,593
27740,594
27741,177
27742,169
27743,170
27744,88
27745,171
27746,131
27747,110
27748,111
27749,27
27750,595
27751,132
27752,28
27753,141
27754,172
27755,89
27756,596
27757,173
27758,29
27759,1842
27760,1843
27761,1273
27762,30
27763,31
27764,746
27765,1274
27766,597
27767,90
27768,805
27769,341
27770,8
27771,806
27772,747
27773,748
27774,50
27775,807
27776,808
27777,51
27778,52
27779,133
27780,178
27781,749
27782,391
27783,179
27785,750
27786,112
27787,342
27788,751
27789,1844
27790,85
27791,604
27792,1275
27793,1276
27794,1845
27795,1846
27799,605
27800,1847
27801,1848
27802,3
27803,180
27804,181
27805,182
27806,183
27807,752
27808,809
27809,810
27810,184
27811,1849
27812,11
27813,811
27814,812
27815,81
27816,1
27817,2
27818,3
27819,753
27820,343
27821,1850
27822,754
27823,185
27824,813
27825,814
27826,1851
27827,755
27828,34
27829,4
27831,186
27832,1
27833,2
27834,1852
27835,1853
27836,756
27837,91
27838,185
27839,186
27840,32
27841,606
27842,606
27844,9
27845,113
27846,114
27847,115
27848,187
27849,17
27850,188
27851,189
27852,815
27853,816
27854,608
27855,608
27856,608
27857,235
27858,1
27859,611
27860,598
27861,757
27862,192
27863,1277
27864,105
27865,1854
27866,106
27867,344
27868,1278
27869,758
27870,599
27871,759
27872,53
27873,760
27874,600
27875,193
27876,601
27877,602
27878,761
27879,1855
27880,113
27881,86
27882,114
27883,762
27884,161
27886,817
27887,818
27888,612
27889,612
27890,194
27891,12
27892,763
27893,763
27894,765
27895,54
27900,1146
27901,1146
27902,1279
27903,1280
27904,187
27905,766
27906,107
27907,190
27908,191
27909,192
27910,193
27911,194
27912,345
27913,767
27914,92
27915,122
27916,819
27917,820
27918,115
27919,1
27920,12
27921,2
27922,195
27923,196
27924,603
27925,604
27926,605
27927,93
27928,82
27929,115
27930,142
27931,143
27932,13
27933,116
27934,144
27935,4
27936,5
27937,1856
27938,1857
27939,606
27940,145
27941,117
27942,118
27943,14
27944,614
27945,614
27946,614
27947,614
27948,614
27949,614
27950,776
27951,776
27952,776
27953,776
27954,776
27955,776
27956,776
27957,776
27958,776
27959,776
27960,776
27961,776
27962,776
27963,776
27964,776
27965,776
27966,776
27967,776
27968,776
27969,776
27970,776
27971,776
27972,776
27973,776
27974,776
27975,776
27976,776
27977,620
27978,621
27979,622
27980,346
27981,1281
27982,94
27983,1858
27984,1859
27985,623
27986,55
27987,65
27988,1148
27989,22
27990,34
27991,87
27992,1860
27993,146
27994,174
27995,23
28000,6
28001,347
28002,607
28003,768
28004,821
28005,5
28006,1861
28007,769
28008,1149
28009,1862
28010,608
28011,66
28012,770
28013,33
28014,27
28015,67
28016,1282
28017,1283
28018,1284
28021,153
28027,56
28030,95
28032,771
28033,352
28034,352
28035,246
28036,247
28037,772
28038,822
28039,609
28040,823
28041,824
28044,88
28045,48
28046,610
28047,49
28048,34
28050,1285
28051,611
28052,1286
28053,612
28054,157
28055,1287
28056,96
28057,1288
28058,1863
28059,1864
28060,175
28061,825
28062,50
28063,35
28064,35
28065,36
28066,97
28067,89
28068,348
28069,15
28070,98
28071,188
28072,1289
28073,37
28074,1290
28075,3
28076,37
28077,175
28078,38
28079,826
28080,354
28081,355
28082,38
28083,1150
28084,16
28085,39
28086,248
28087,1865
28088,176
28089,16
28090,189
28091,75
28092,176
28093,177
28094,6
28095,119
28097,190
28098,191
28099,192
28100,193
28101,40
28102,613
28103,614
28104,41
28105,615
28106,616
28107,1
28108,617
28109,628
28110,236
28111,99
28112,147
28113,13
28114,14
28115,108
28116,803
28117,803
28118,803
28119,803
28120,803
28121,803
28122,803
28123,803
28124,803
28125,803
28126,803
28127,803
28128,803
28129,803
28130,803
28131,803
28132,803
28133,803
28134,803
28135,773
28136,349
28137,1866
28138,249
28139,250
28140,42
28141,827
28142,828
28143,829
28144,822
28145,774
28146,195
28147,148
28148,775
28149,116
28150,120
28151,830
28152,1867
28153,1868
28154,776
28155,123
28156,90
28157,1869
28158,100
28159,28
28160,124
28161,831
28162,777
28163,125
28164,1870
28165,1871
28167,778
28168,779
28169,91
28170,194
28171,68
28172,101
28173,51
28174,780
28175,18
28176,196
28177,197
28178,198
28179,62
28180,199
28181,195
28182,832
28183,19
28184,781
28185,350
28186,196
28187,782
28188,121
28189,1872
28190,200
28191,29
28192,783
28193,201
28194,406
28195,407
28196,1873
28198,40
28199,618
28200,197
28201,202
28202,43
28203,76
28204,784
28205,1874
28206,122
28207,57
28208,785
28209,785
28210,1875
28211,408
28212,198
28213,833
28214,834
28215,787
28216,1291
28217,12
28218,44
28219,1876
28220,1877
28221,409
28222,102
28223,788
28224,45
28225,199
28226,200
28227,203
28228,204
28229,789
28230,619
28231,15
28232,620
28233,790
28234,1878
28235,351
28236,791
28237,1292
28238,1879
28239,177
28240,177
28241,14
28242,1880
28243,1881
28244,1882
28245,792
28246,792
28247,92
28248,205
28249,1883
28250,1884
28251,1885
28252,77
28253,7
28254,206
28255,15
28256,201
28257,46
28258,47
28259,2
28261,48
28262,126
28263,16
28264,1886
28265,103
28266,17
28267,83
28268,621
28269,2
28270,3
28271,629
28272,207
28273,104
28274,104
28275,104
28276,208
28277,237
28278,17
28279,422
28280,4
28281,18
28282,202
28283,19
28284,823
28285,823
28286,823
28287,823
28288,823
28289,823
28290,823
28291,823
28292,823
28293,823
28294,823
28295,823
28296,823
28297,823
28298,823
28299,823
28300,823
28301,823
28302,823
28303,823
28304,823
28305,823
28306,823
28307,823
28308,823
28309,823
28310,823
28311,850
28312,41
28313,107
28314,835
28316,622
28318,42
28319,209
28320,210
28321,211
28322,69
28323,58
28325,253
28326,254
28327,123
28328,109
28329,124
28330,110
28331,623
28332,111
28333,112
28334,624
28335,836
28336,837
28337,212
28338,213
28339,70
28340,214
28341,71
28342,72
28343,410
28344,411
28345,352
28347,36
28348,251
28349,7
28350,20
28351,66
28352,127
28353,1293
28355,1294
28356,150
28357,128
28358,59
28360,8
28361,93
28362,9
28363,24
28364,1151
28365,1151
28366,1153
28367,1153
28368,21
28369,115
28370,116
28371,113
28372,60
28373,114
28374,115
28375,10
28376,1295
28377,838
28378,133
28379,49
28380,134
28381,50
28382,78
28389,135
28390,215
28391,216
28392,353
28393,125
28394,217
28395,156
28396,126
28397,127
28398,127
28399,412
28400,129
28401,108
28402,63
28403,356
28404,357
28405,94
28406,79
28407,851
28408,851
28409,624
28410,625
28411,141
28412,109
28413,13
28414,41
28415,20
28416,1155
28420,130
28421,1887
28422,1888
28423,129
28424,1889
28425,1890
28426,1891
28427,203
28428,1892
28429,131
28430,110
28431,84
28432,1
28433,132
28434,149
28435,133
28436,134
28437,2
28438,150
28439,11
28440,853
28441,218
28442,219
28443,854
28444,413
28445,413
28446,413
28447,413
28448,1893
28449,80
28450,21
28451,1296
28452,794
28453,111
28454,795
28455,354
28456,626
28457,130
28458,112
28459,112
28460,839
28461,135
28462,1156
28463,796
28464,131
28465,627
28466,220
28470,22
28471,221
28473,417
28474,355
28475,630
28477,157
28478,157
28479,157
28480,157
28481,157
28482,157
28483,157
28484,157
28485,157
28486,1297
28487,797
28488,1894
28489,1157
28490,151
28491,1158
28492,628
28494,81
28495,1895
28496,1159
28497,1298
28498,798
28499,154
28500,214
28501,132
28502,204
28503,1896
28504,840
28505,841
28506,151
28507,842
28508,152
28509,1
28510,1
28511,8
28512,1160
28513,155
28514,215
28515,855
28516,855
28517,855
28518,855
28519,855
28520,855
28521,855
28522,855
28523,855
28524,855
28525,855
28526,855
28527,222
28528,223
28529,224
28530,225
28531,226
28532,227
28533,228
28534,133
28536,197
28537,799
28538,356
28539,1897
28540,136
28541,800
28542,1898
28543,137
28544,137
28545,137
28546,1899
28547,1299
28548,1900
28549,1901
28550,1161
28551,1162
28552,1163
28553,1163
28554,1165
28555,1300
28556,73
28557,801
28558,229
28559,230
28560,231
28561,232
28562,233
28563,234
28564,140
28565,140
28566,140
28567,140
28568,140
28569,1166
28570,145
28571,357
28572,23
28573,867
28574,867
28575,867
28576,867
28577,867
28578,872
28579,802
28580,152
28581,803
28582,804
28583,805
28584,11
28585,1902
28586,843
28587,1301
28588,1903
28589,418
28590,419
28591,420
28592,1302
28593,1302
28594,873
28595,873
28596,873
28597,142
28598,1904
28599,146
28600,134
28601,134
28602,134
28603,41
28604,205
28605,631
28606,235
28607,876
28608,1167
28609,806
28610,1905
28611,807
28612,134
28613,156
28614,1906
28615,877
28616,844
28617,216
28618,808
28619,1907
28620,1908
28621,61
28622,1909
28623,809
28624,810
28625,629
28626,252
28627,253
28628,1
28629,254
28630,1910
28631,1911
28632,147
28633,1168
28634,1169
28635,2
28636,630
28637,631
28638,236
28639,237
28640,2
28641,24
28642,1912
28643,238
28644,239
28645,240
28646,241
28647,242
28648,25
28649,632
28650,2
28651,878
28652,879
28653,633
28654,634
28655,82
28656,635
28657,636
28658,637
28659,638
28660,632
28661,633
28662,1304
28663,114
28664,358
28665,148
28666,206
28667,39
28668,40
28669,149
28670,153
28671,811
28672,150
28673,151
28674,639
28675,1913
28676,154
28677,74
28678,359
28679,812
28680,1914
28681,62
28682,152
28683,152
28684,75
28685,1305
28686,1306
28687,1915
28688,1916
28689,1917
28690,1918
28692,76
28693,1919
28694,1920
28695,640
28696,641
28697,1
28698,77
28699,642
28700,643
28701,155
28702,644
28703,95
28704,645
28705,646
28706,647
28707,1921
28708,1921
28709,1923
28710,1924
28711,1925
28712,1926
28713,1927
28714,1307
28715,96
28716,358
28717,137
28718,359
28719,1928
28720,12
28721,97
28722,6
28723,135
28724,648
28725,117
28726,143
28727,118
28728,138
28729,37
28730,423
28731,151
28732,845
28733,178
28734,3
28735,179
28736,165
28737,165
28738,7
28739,649
28740,650
28741,651
28742,652
28743,424
28744,425
28745,180
28746,1308
28747,813
28748,814
28749,1929
28750,2
28753,625
28754,156
28757,1309
28758,13
28759,1930
28760,815
28761,1
28762,426
28763,427
28764,1931
28765,139
28766,139
28767,1932
28768,1932
28769,1310
28770,1934
28771,136
28772,1311
28773,63
28774,1312
28775,428
28776,816
28777,1313
28778,429
28779,78
28780,154
28781,126
28782,126
28783,126
28784,126
28785,141
28786,130
28787,131
28788,132
28789,133
28790,142
28791,653
28792,654
28794,343
28795,655
28796,656
28797,117
28798,118
28799,119
28800,155
28801,634
28802,1935
28803,1936
28804,1937
28805,1938
28806,1939
28807,1940
28808,657
28809,207
28810,134
28811,135
28812,136
28813,658
28814,659
28815,660
28816,98
28817,238
28818,430
28819,431
28820,661
28821,243
28822,662
28823,817
28824,1314
28825,1941
28826,1942
28827,1943
28828,1944
28829,1945
28830,1946
28831,1315
28832,818
28833,1316
28834,1316
28836,819
28837,1318
28838,1318
28839,1318
28840,1321
28841,99
28842,360
28843,100
28844,820
28845,244
28846,245
28847,246
28848,247
28849,157
28850,115
28851,626
28852,156
28853,627
28854,628
28855,143
28856,821
28857,822
28858,41
28859,291
28860,1322
28861,1322
28862,1170
28863,663
28864,823
28865,101
28866,157
28867,846
28868,144
28869,1947
28870,824
28871,421
28872,422
28873,423
28874,248
28875,249
28876,847
28877,1948
28878,1949
28879,1950
28880,361
28881,250
28882,251
28883,252
28884,253
28885,254
28886,1
28887,2
28888,825
28889,826
28890,1324
28891,1325
28892,827
28893,848
28894,145
28895,1951
28897,1326
28898,85
28899,146
28900,432
28901,38
28902,1171
28903,8
28904,137
28905,137
28906,158
28907,828
28908,139
28909,139
28910,1172
28911,1172
28912,255
28913,424
28914,256
28915,159
28916,2
28917,362
28918,9
28919,829
28920,160
28921,830
28922,849
28923,137
28924,10
28925,10
28926,1952
28927,12
28928,1953
28929,141
28930,1954
28931,1327
28932,1327
28933,831
28934,138
28935,3
28936,13
28937,3
28938,832
28939,161
28940,833
28941,425
28942,1329
28943,664
28944,1955
28945,14
28946,1956
28947,834
28948,142
28949,143
28950,1330
28951,1957
28952,880
28953,880
28954,880
28955,880
28956,880
28957,880
28958,880
28959,1331
28960,162
28961,39
28962,255
28963,426
28964,426
28965,835
28966,181
28967,182
28968,183
28969,1
28970,850
28971,136
28972,635
28973,851
28974,137
28975,138
28976,139
28977,163
28978,40
28979,665
28980,629
28981,164
28982,116
28983,636
28987,10
28988,257
28989,258
28990,259
28991,260
28992,117
28993,630
28994,630
28995,630
28996,153
28997,261
28998,184
29000,208
29001,344
29002,83
29003,363
29004,887
29005,887
29006,887
29007,887
29008,887
29009,887
29010,15
29011,836
29012,1332
29013,16
29014,16
29015,1958
29016,1959
29017,157
29018,256
29019,1960
29020,1961
29021,25
29022,893
29023,140
29024,18
29025,1333
29026,141
29027,633
29028,11
29029,637
29031,257
29033,634
29034,837
29035,852
29036,853
29037,158
29038,165
29039,159
29040,1962
29041,162
29042,163
29043,239
29058,894
29059,894
29060,894
29061,894
29062,894
29063,894
29064,894
29065,894
29066,894
29067,894
29068,894
29069,894
29070,894
29071,428
29072,428
29073,428
29074,428
29075,428
29076,139
29077,838
29078,1334
29079,160
29080,635
29081,839
29082,198
29083,636
29084,166
29085,166
29086,1335
29087,166
29088,907
29089,1174
29090,1174
29091,840
29092,637
29093,142
29094,67
29095,1336
29096,1337
29097,841
29098,143
29099,638
29100,1176
29101,168
29102,433
29103,262
29104,434
29105,79
29108,435
29109,436
29110,41
29114,908
29115,908
29116,908
29117,908
29118,908
29119,908
29120,908
29121,908
29122,908
29123,908
29124,908
29125,908
29126,908
29127,908
29128,908
29129,842
29130,169
29131,1338
29132,1963
29133,1964
29134,4
29135,4
29136,4
29137,843
29138,167
29139,258
29140,1339
29141,364
29142,1965
29143,102
29144,437
29146,259
29147,263
29148,140
29149,844
29150,292
29151,1966
29152,638
29153,264
29154,265
29155,103
29157,266
29159,12
29160,923
29161,923
29162,923
29163,923
29164,923
29165,923
29166,666
29167,42
29168,845
29169,1340
29170,1967
29171,846
29172,80
29173,1341
29174,81
29177,1177
29178,1342
29179,360
29180,168
29181,169
29182,170
29183,1343
29184,847
29185,43
29186,171
29187,1344
29188,141
29189,1968
29190,1969
29191,639
29192,267
29193,268
29194,639
29195,172
29196,1345
29197,1346
29198,209
29199,1970
29200,210
29201,164
29202,173
29203,7
29204,7
29205,854
29206,4
29207,929
29208,929
29209,929
29210,848
29211,433
29212,1971
29213,1972
29214,144
29215,434
29216,145
29217,145
29218,147
29219,1973
29220,260
29221,260
29222,260
29223,260
29224,260
29225,174
29226,148
29227,1974
29228,1974
29229,1976
29230,1977
29231,849
29232,435
29233,265
29234,1978
29235,5
29236,240
29237,1178
29238,392
29239,1179
29240,68
29241,6
29242,7
29243,82
29244,175
29245,118
29246,86
29247,269
29248,176
29250,1
29251,2
29252,3
29253,640
29254,640
29255,640
29256,4
29257,643
29258,643
29259,643
29260,643
29261,5
29262,5
29263,26
29264,270
29265,271
29267,211
29268,152
29269,119
29270,272
29271,365
29272,932
29273,120
29274,9
29275,647
29276,10
29277,7
29278,933
29279,934
29280,934
29281,934
29282,934
29283,934
29284,934
29285,934
29286,934
29287,934
29288,934
29289,934
29290,850
29291,393
29292,851
29293,394
29294,119
29295,120
29296,852
29297,1347
29298,266
29299,26
29300,853
29301,1979
29302,1980
29303,1981
29304,273
29305,274
29306,3
29307,648
29308,649
29309,945
29310,945
29311,366
29312,8
29313,854
29314,436
29315,437
29316,1982
29317,855
29318,104
29319,267
29320,1348
29321,1348
29322,147
29324,947
29325,14
29326,1983
29327,650
29328,1180
29329,275
29330,1984
29331,276
29332,161
29333,277
29334,948
29335,948
29336,948
29337,15
29338,15
29339,19
29340,20
29341,1350
29342,149
29343,361
29344,21
29345,667
29346,1985
29347,367
29348,856
29349,1181
29350,268
29351,857
29352,22
29353,23
29354,177
29355,178
29356,144
29357,144
29358,146
29359,179
29360,1986
29361,951
29362,1182
29363,105
29364,17
29365,142
29366,64
29367,64
29368,199
29369,1987
29370,651
29371,651
29372,651
29373,651
29374,180
29375,395
29376,655
29377,656
29378,217
29379,858
29380,859
29381,24
29382,42
29383,25
29384,1183
29385,26
29386,1988
29387,1184
29388,1185
29389,1989
29390,1990
29391,43
29392,396
29393,860
29394,106
29396,2
29397,368
29398,170
29399,861
29400,44
29401,45
29402,1991
29403,278
29404,438
29405,1992
29406,1351
29407,1351
29408,148
29409,147
29410,147
29411,107
29412,200
29413,200
29414,149
29415,150
29416,657
29417,657
29418,657
29419,657
29420,657
29421,657
29422,657
29423,657
29424,665
29425,666
29426,667
29427,181
29428,855
29429,855
29430,162
29431,121
29432,163
29433,164
29434,165
29435,165
29436,165
29437,212
29438,168
29439,168
29440,168
29441,168
29442,172
29443,1993
29444,1994
29445,640
29446,668
29447,669
29448,669
29449,952
29450,953
29451,1
29452,213
29453,2
29454,122
29455,3
29456,151
29458,182
29459,671
29460,671
29461,671
29462,241
29463,674
29464,369
29465,345
29466,954
29467,954
29468,954
29469,954
29470,862
29471,1353
29472,863
29473,1354
29474,1995
29475,1996
29476,27
29477,27
29478,27
29479,27
29480,397
29481,31
29482,675
29483,4
29484,183
29485,183
29486,152
29487,185
29488,1355
29489,153
29490,1997
29491,1998
29492,153
29493,32
29494,32
29495,32
29496,32
29497,32
29498,32
29499,32
29500,398
29501,154
29502,123
29503,438
29504,202
29505,279
29506,280
29507,281
29508,439
29509,440
29510,441
29511,442
29512,399
29513,1999
29514,346
29515,346
29516,348
29517,864
29518,1356
29519,1356
29520,1356
29521,203
29522,865
29523,2000
29524,171
29525,69
29526,16
29527,186
29528,11
29529,11
29530,11
29531,958
29533,370
29534,668
29535,866
29536,172
29537,269
29538,124
29539,108
29540,187
29541,125
29542,400
29544,959
29545,959
29546,959
29547,959
29548,959
29549,959
29550,867
29551,868
29552,2001
29553,2002
29554,371
29556,188
29557,1186
29558,1187
29559,149
29560,869
29561,39
29562,39
29563,39
29564,39
29565,39
29566,39
29567,39
29568,39
29569,39
29570,857
29571,48
29575,858
29576,859
29577,154
29578,155
29579,109
29580,110
29581,1
29582,156
29583,35
29584,870
29585,46
29586,439
29587,871
29588,150
29590,1188
29591,255
29592,440
29593,36
29594,2003
29595,860
29596,861
29597,862
29598,401
29599,162
29600,66
29601,676
29602,965
29603,965
29604,965
29605,968
29606,968
29607,968
29608,83
29609,677
29610,154
29611,441
29612,441
29613,441
29614,441
29615,669
29616,87
29617,87
29618,87
29619,87
29620,670
29622,189
29623,91
29624,190
29625,157
29626,157
29627,157
29628,157
29629,191
29630,971
29631,971
29632,971
29633,971
29634,971
29635,971
29636,971
29637,971
29638,971
29639,971
29640,971
29641,971
29642,971
29643,971
29644,971
29645,971
29646,971
29647,971
29648,971
29649,971
29650,971
29651,971
29652,971
29653,872
29654,1359
29655,1360
29656,1361
29657,161
29658,161
29659,161
29660,161
29661,161
29663,445
29664,2004
29665,1362
29666,2005
29667,1189
29668,270
29669,27
29670,1190
29671,1363
29672,1364
29673,402
29674,403
29675,52
29676,1191
29677,1192
29679,92
29680,126
29681,271
29682,678
29683,678
29684,873
29685,1365
29686,1366
29687,1367
29688,47
29689,2006
29690,1368
29691,1369
29692,1370
29693,204
29694,863
29695,864
29696,865
29697,446
29698,150
29699,272
29700,282
29701,192
29702,2007
29704,151
29705,447
29706,152
29707,1193
29716,28
29717,349
29718,193
29719,3
29720,4
29721,18
29722,874
29723,273
29724,372
29725,163
29726,163
29727,3
29728,274
29729,48
29730,875
29731,153
29732,49
29733,127
29734,1371
29735,448
29736,866
29737,867
29738,1
29739,166
29740,166
29741,166
29742,449
29743,179
29744,179
29745,181
29747,671
29748,50
29749,51
29750,876
29751,877
29752,450
29753,373
29754,5
29755,275
29756,1372
29757,128
29758,6
29759,868
29760,869
29761,52
29762,53
29763,878
29764,878
29765,54
29766,55
29767,143
29768,29
29769,30
29770,49
29772,129
29773,2008
29774,880
29775,880
29776,880
29777,870
29778,12
29779,169
29780,1
29781,130
29782,256
29783,170
29784,170
29785,50
29786,13
29787,14
29788,120
29789,15
29790,16
29791,194
29792,641
29793,451
29794,2009
29795,2010
29796,2010
29797,1
29798,994
29799,452
29800,1194
29801,5
29802,205
29803,4
29804,5
29805,17
29806,18
29807,276
29808,453
29809,883
29810,884
29811,2
29812,277
29813,165
29814,885
29815,374
29816,278
29817,454
29818,871
29819,455
29820,56
29821,57
29822,172
29823,995
29824,3
29825,182
29826,173
29827,4
29828,1373
29829,13
29830,886
29831,887
29832,888
29833,672
29834,84
29835,456
29836,404
29837,405
29838,457
29839,457
29840,457
29841,457
29842,457
29843,457
29844,457
29845,457
29846,457
29847,457
29848,457
29849,457
29850,457
29851,457
29852,457
29853,457
29854,457
29855,457
29856,457
29857,457
29858,457
29859,457
29860,457
29861,457
29862,457
29863,457
29864,457
29865,457
29866,457
29867,457
29868,457
29869,457
29870,457
29871,457
29872,457
29873,457
29874,457
29875,457
29876,457
29877,457
29878,457
29879,457
29880,457
29881,457
29882,457
29883,889
29884,131
29885,144
29886,145
29887,890
29888,890
29889,890
29890,890
29891,872
29892,673
29893,674
29894,675
29895,283
29896,284
29897,5
29898,23
29899,19
29900,676
29902,6
29903,873
29904,7
29905,285
29906,286
29907,155
29908,677
29909,8
29910,158
29911,93
29912,195
29913,5
29914,196
29915,214
29916,9
29917,197
29918,287
29919,20
29920,678
29921,642
29922,10
29923,11
29924,12
29925,13
29926,18
29927,132
29928,133
29929,996
29930,198
29931,173
29932,679
29933,288
29934,22
29935,997
29936,997
29937,997
29938,997
29939,997
29940,997
29941,997
29942,997
29943,997
29944,997
29945,997
29946,997
29947,997
29948,997
29949,997
29950,997
29951,997
29952,997
29953,997
29954,997
29955,997
29956,199
29957,375
29958,894
29959,279
29960,279
29961,281
29962,174
29963,4
29964,175
29965,502
29966,134
29967,144
29968,1374
29969,2012
29970,282
29971,362
29972,200
29973,201
29974,289
29975,290
29976,291
29977,202
29978,28
29979,292
29980,135
29981,135
29982,135
29984,154
29985,1
29986,874
29987,376
29988,85
29989,895
29990,896
29991,138
29992,138
29993,2013
29994,206
29995,207
29996,283
29997,1375
29998,1375
29999,2014
30000,166
30001,897
30002,203
30003,51
30004,204
30005,2015
30006,284
30007,140
30008,86
30009,1377
30010,2016
30011,1378
30012,1378
30013,1378
30014,1378
30015,1378
30016,1378
30017,1378
30018,898
30019,2017
30020,146
30021,680
30022,503
30023,875
30024,406
30025,208
30026,681
30027,350
30028,682
30029,42
30030,6
30031,899
30032,1385
30033,1385
30034,900
30035,141
30036,141
30037,377
30038,205
30039,683
30040,173
30041,2018
30042,684
30043,43
30044,901
30045,44
30046,45
30047,143
30048,443
30049,206
30050,183
30051,159
30052,1
30053,6
30054,1387
30055,1387
30056,1387
30057,1387
30058,2019
30059,160
30060,685
30061,902
30062,52
30063,903
30067,876
30068,877
30069,878
30070,1018
30071,87
30072,904
30073,1391
30074,2
30075,378
30076,20
30077,285
30078,285
30079,285
30080,905
30081,288
30082,289
30083,1392
30091,207
30092,176
30093,176
30094,176
30095,1393
30096,1393
30097,1393
30098,179
30099,180
30100,53
30101,181
30102,906
30103,144
30104,686
30105,182
30106,1396
30107,1396
30108,16
30109,1019
30110,907
30111,504
30112,290
30113,687
30114,208
30115,145
30116,70
30117,7
30118,8
30119,908
30120,1398
30121,1399
30123,151
30124,1400
30125,379
30126,909
30127,155
30128,2020
30129,1401
30130,1401
30131,146
30132,1403
30133,910
30134,167
30136,1404
30137,505
30138,2021
30139,506
30140,911
30141,209
30142,145
30143,242
30145,54
30146,507
30147,508
30148,1
30150,3
30152,2
30153,2022
30154,2023
30155,291
30156,152
30157,1405
30158,363
30159,156
30160,53
30161,157
30162,643
30163,644
30164,210
30165,211
30166,215
30167,216
30168,2024
30169,71
30170,217
30171,161
30172,46
30173,364
30174,444
30175,218
30176,645
30177,646
30178,212
30179,647
30180,219
30182,220
30183,147
30184,148
30185,648
30186,1020
30187,1020
30188,1020
30189,1020
30190,1020
30191,1020
30192,1020
30193,1020
30194,1020
30195,1020
30196,1020
30197,1020
30198,1020
30199,1020
30200,1020
30201,1020
30202,1020
30203,1020
30204,1020
30205,1020
30206,1020
30207,1020
30208,1020
30209,1020
30210,1020
30211,1020
30212,1020
30213,1020
30214,1020
30215,1020
30216,1020
30217,243
30218,1051
30219,912
30220,209
30221,210
30222,168
30223,649
30224,913
30225,1406
30226,1195
30227,1407
30228,158
30229,914
30230,67
30232,102
30233,103
30234,650
30235,169
30236,169
30238,651
30240,14
30241,139
30242,140
30243,1052
30244,1052
30245,1052
30246,351
30247,351
30248,351
30249,351
30250,351
30251,351
30252,351
30253,351
30254,72
30255,915
30256,915
30257,915
30258,1408
30259,47
30260,2025
30261,1409
30262,1410
30263,2026
30264,359
30265,184
30266,1411
30267,918
30268,1412
30269,1
30270,365
30271,365
30272,509
30273,1055
30274,1055
30275,244
30276,1196
30277,879
30278,919
30279,510
30280,880
30281,213
30282,380
30283,920
30284,146
30285,24
30286,68
30287,1413
30288,921
30289,5
30290,2027
30291,922
30292,174
30293,185
30294,923
30295,1414
30296,511
30297,881
30298,6
30299,214
30300,924
30301,924
30302,924
30303,159
30304,927
30305,293
30307,928
30308,882
30309,56
30310,215
30311,186
30312,883
30313,147
30314,1415
30315,9
30316,1416
30317,929
30318,1417
30319,381
30320,1418
30321,884
30322,1
30323,1419
30324,885
30325,886
30328,3
30329,257
30330,1420
30331,1421
30332,31
30333,930
30334,25
30335,187
30336,931
30337,160
30338,211
30339,211
30340,211
30341,211
30342,211
30343,162
30344,2028
30345,153
30346,154
30347,932
30349,512
30350,513
30351,141
30352,294
30353,295
30354,296
30355,297
30356,155
30357,298
30358,142
30359,514
30360,933
30362,183
30363,934
30364,156
30365,161
30366,299
30367,3
30368,111
30369,382
30370,25
30371,162
30372,163
30373,88
30374,58
30375,59
30376,143
30377,144
30378,688
30379,216
30380,216
30381,216
30382,219
30383,185
30384,104
30385,105
30386,106
30387,107
30388,108
30389,157
30390,158
30391,89
30392,300
30393,148
30394,60
30395,186
30396,187
30397,218
30398,220
30399,220
30400,1057
30401,61
30402,62
30403,11
30404,11
30405,222
30406,216
30407,216
30408,216
30409,216
30410,652
30411,2
30412,164
30413,1058
30414,1058
30415,1058
30416,1058
30417,1058
30418,1058
30419,1058
30420,1058
30421,1058
30422,1058
30423,1058
30424,1058
30425,1422
30426,165
30427,1423
30428,1424
30429,1425
30430,1426
30431,1427
30432,383
30433,188
30434,166
30435,1428
30436,189
30437,1429
30438,1430
30439,653
30440,223
30441,515
30442,1070
30443,159
30444,190
30445,155
30446,887
30447,54
30448,292
30449,367
30450,188
30451,888
30452,384
30453,293
30454,220
30455,221
30456,516
30457,149
30458,654
30459,1431
30460,222
30461,1432
30462,64
30463,1433
30464,156
30465,1071
30466,1072
30467,1434
30468,301
30469,302
30470,1435
30471,303
30472,294
30473,4
30474,1436
30475,517
30476,1437
30477,935
30478,295
30479,295
30480,385
30481,63
30482,936
30483,191
30484,1197
30485,1438
30486,223
30487,889
30488,1439
30489,1439
30490,1073
30491,1073
30492,1073
30493,1073
30494,1073
30495,1073
30496,1198
30497,937
30498,224
30499,938
30500,2029
30501,15
30502,224
30503,1199
30504,48
30505,160
30506,1200
30507,21
30508,167
30509,167
30510,94
30511,22
30512,169
30513,169
30514,1441
30515,939
30516,940
30517,225
30518,297
30519,1442
30520,298
30521,299
30522,299
30523,941
30524,1443
30525,1444
30526,1201
30527,1201
30528,301
30529,90
30530,1445
30531,1446
30532,942
30533,1203
30534,149
30535,368
30536,368
30537,368
30538,368
30539,943
30540,304
30541,145
30542,305
30543,225
30544,226
30545,23
30546,890
30547,1079
30548,1079
30549,1079
30550,1079
30551,1079
30552,1079
30553,1079
30554,1079
30555,386
30556,387
30557,655
30558,2
30559,3
30560,69
30561,944
30562,407
30563,302
30564,1447
30565,1448
30566,1449
30567,2030
30568,1450
30569,1451
30570,112
30571,227
30572,189
30573,190
30574,408
30575,146
30576,409
30577,171
30578,171
30579,360
30580,360
30581,360
30582,360
30583,364
30584,656
30585,173
30586,293
30587,147
30588,657
30589,174
30590,365
30592,1
30593,2
30594,15
30595,175
30596,658
30597,228
30598,2031
30599,659
30600,91
30601,95
30602,95
30603,95
30604,95
30605,660
30606,19
30607,661
30608,294
30610,372
30611,373
30612,191
30613,109
30614,192
30615,24
30616,245
30617,246
30618,247
30619,388
30620,1087
30621,1087
30622,1087
30623,1087
30624,1087
30625,1087
30626,1087
30627,1087
30628,1087
30629,1087
30630,1087
30631,1087
30632,1087
30633,1087
30634,1087
30635,1087
30636,1087
30637,1087
30638,1087
30639,1087
30640,1087
30641,1087
30642,1087
30643,1087
30644,1087
30645,1087
30646,1087
30647,1087
30648,945
30649,1452
30650,1453
30651,1454
30652,1455
30653,1456
30654,1457
30655,946
30656,445
30657,445
30658,174
30659,1458
30660,1459
30661,1460
30662,176
30663,947
30664,2032
30665,410
30666,1461
30667,226
30668,1462
30669,1204
30670,227
30671,447
30672,2033
30673,25
30674,1115
30675,1115
30676,1115
30677,5
30678,366
30679,1463
30680,1464
30681,1465
30682,1466
30683,1467
30684,1468
30685,948
30686,948
30687,163
30688,1469
30689,1470
30690,448
30691,171
30692,171
30693,177
30694,1471
30695,950
30696,1472
30697,64
30698,64
30699,64
30700,1473
30701,891
30702,951
30703,951
30704,951
30705,1118
30706,1474
30707,1475
30708,954
30709,229
30710,229
30711,229
30712,1476
30713,1477
30714,389
30715,1478
30716,1479
30717,1480
30718,955
30719,955
30720,892
30721,228
30722,374
30723,374
30724,957
30725,957
30726,957
30727,178
30728,306
30729,307
30730,308
30731,148
30732,67
30733,67
30734,67
30735,67
30736,67
30737,390
30738,367
30739,1119
30740,1119
30741,1119
30742,1119
30743,1119
30744,16
30745,960
30746,961
30747,962
30748,1481
30749,1482
30750,1483
30751,2034
30752,2034
30753,1484
30755,1485
30756,963
30757,963
30758,963
30759,32
30760,2036
30761,411
30762,149
30763,232
30764,232
30765,248
30766,164
30767,966
30768,967
30769,1486
30770,968
30771,449
30772,303
30773,304
30774,72
30775,221
30776,305
30777,893
30779,391
30780,2037
30781,2038
30782,22
30783,662
30784,73
30785,2039
30786,663
30787,664
30788,150
30789,665
30790,368
30791,666
30792,92
30793,26
30794,2040
30795,2041
30796,2041
30797,23
30798,369
30799,369
30800,369
30801,372
30802,373
30803,373
30804,375
30805,376
30806,377
30807,378
30808,378
30809,392
30810,26
30811,249
30812,250
30813,1124
30814,1124
30815,1124
30816,1124
30817,1124
30818,1124
30819,1124
30820,1124
30821,1124
30822,1124
30823,1124
30824,1124
30825,1124
30826,1124
30827,1124
30828,1124
30829,1124
30830,1124
30831,1124
30832,1124
30833,1124
30834,1124
30835,1487
30836,179
30837,93
30838,7
30839,969
30840,1488
30841,1489
30842,1
30843,173
30844,1146
30845,1146
30846,1146
30847,161
30848,306
30849,970
30850,2043
30851,2044
30852,667
30854,518
30855,84
30856,180
30857,181
30858,1490
30859,1491
30860,971
30861,1492
30862,2045
30864,2046
30866,1493
30867,70
30868,162
30869,182
30870,174
30871,2047
30872,307
30873,307
30874,175
30875,2048
30876,85
30877,972
30878,309
30879,310
30880,175
30881,151
30882,29
30883,380
30884,1149
30885,1149
30886,1149
30887,1149
30888,1149
30889,1149
30890,1149
30891,1149
30892,1149
30893,1149
30894,1494
30895,1495
30896,973
30897,393
30898,176
30899,2049
30900,974
30901,94
30902,1496
30903,1497
30904,309
30905,2050
30906,20
30907,975
30908,976
30909,668
30910,2051
30911,2052
30913,310
30914,311
30915,312
30916,95
30917,313
30918,381
30919,382
30920,17
